u,g,r,i,z,y,time
23.9334,21.7650,21.7142,21.9985,22.2739,22.5037,0.15
24.2869,21.7333,21.4668,21.7040,22.0061,22.3085,0.25
24.5855,21.8828,21.3553,21.5216,21.8098,22.1131,0.35
24.7616,22.0907,21.3287,21.3944,21.6510,21.9877,0.45
24.9764,22.3055,21.3517,21.3497,21.5429,21.8720,0.55
25.1648,22.5314,21.4113,21.3387,21.4532,21.7878,0.65
25.3615,22.7436,21.5248,21.3419,21.4049,21.7124,0.75
25.4907,22.9279,21.6625,21.3614,21.3754,21.6412,0.85
25.6738,23.1097,21.8292,21.3988,21.3539,21.5621,0.95
25.8035,23.2715,22.0120,21.4537,21.3701,21.5332,1.05
25.8979,23.4322,22.1974,21.5298,21.3902,21.4950,1.15
26.0559,23.5800,22.3384,21.6084,21.4150,21.4991,1.25
26.1511,23.7006,22.4496,21.6983,21.4650,21.5062,1.35
26.3101,23.8448,22.5405,21.7868,21.4945,21.5178,1.45
26.3758,23.9577,22.6330,21.8812,21.5501,21.5510,1.55
26.5198,24.0794,22.7075,21.9748,21.5931,21.5775,1.65
26.5827,24.1834,22.7881,22.0554,21.6730,21.6200,1.75
26.7033,24.2621,22.8579,22.1420,21.7180,21.6787,1.85
26.7395,24.3600,22.9346,22.2100,21.7958,21.7186,1.95
26.8276,24.4698,22.9912,22.2864,21.8564,21.7692,2.05
26.8988,24.5319,23.0570,22.3502,21.9149,21.8180,2.15
27.0815,24.6441,23.1254,22.4182,21.9904,21.8821,2.25
27.1056,24.6835,23.1796,22.4642,22.0643,21.9373,2.35
27.1472,24.7722,23.2290,22.5024,22.1059,21.9822,2.45
27.2029,24.8395,23.2912,22.5820,22.1860,22.0352,2.55
27.3602,24.8970,23.3672,22.6372,22.2289,22.0676,2.65
27.3713,24.9511,23.4097,22.6815,22.2782,22.1384,2.75
27.4755,25.0382,23.4623,22.7357,22.3464,22.1967,2.85
27.7071,25.1052,23.5269,22.7899,22.3941,22.2601,2.95
27.6753,25.1579,23.5642,22.8420,22.4452,22.3142,3.05
27.7218,25.2165,23.6145,22.8934,22.4909,22.3564,3.15
27.7261,25.2449,23.6720,22.9398,22.5484,22.4222,3.25
27.8191,25.2937,23.7233,22.9931,22.6000,22.4752,3.35
27.9031,25.3472,23.7858,23.0331,22.6776,22.5273,3.45
28.0405,25.4143,23.8175,23.0789,22.7128,22.5802,3.55
28.0887,25.4597,23.8557,23.1245,22.7553,22.6398,3.65
28.1327,25.4644,23.8990,23.1784,22.8380,22.6982,3.75
28.2588,25.5112,23.9789,23.2099,22.8665,22.7562,3.85
28.2320,25.5867,23.9807,23.2539,22.9056,22.8121,3.95
28.3324,25.6343,24.0517,23.3143,22.9597,22.8660,4.05
28.4108,25.7028,24.0933,23.3463,23.0041,22.9254,4.15
28.4540,25.7490,24.1496,23.3721,23.0502,22.9739,4.25
28.6022,25.7652,24.1977,23.4485,23.1089,23.0025,4.35
28.5451,25.7779,24.2174,23.4598,23.1509,23.0397,4.45
28.4467,25.8860,24.2822,23.5171,23.1935,23.1043,4.55
28.5913,25.8947,24.3286,23.5712,23.2271,23.1473,4.65
28.7795,25.9250,24.3673,23.6179,23.2775,23.1985,4.75
28.9520,25.9565,24.4174,23.6464,23.3245,23.2647,4.85
28.8968,26.0390,24.4524,23.6835,23.3629,23.2832,4.95
29.0835,26.0834,24.4978,23.7261,23.4049,23.3573,5.05
28.9182,26.0691,24.5639,23.7763,23.4335,23.3766,5.15
29.2393,26.1199,24.5685,23.7984,23.4751,23.4277,5.25
29.1482,26.1587,24.6279,23.8525,23.5225,23.4493,5.35
29.2232,26.2374,24.6726,23.8833,23.5537,23.5102,5.45
29.3791,26.2428,24.6991,23.9130,23.5799,23.5415,5.55
29.4260,26.3138,24.7274,23.9603,23.6488,23.5891,5.65
29.4061,26.3240,24.7669,23.9947,23.6619,23.6231,5.75
29.4297,26.3897,24.8099,24.0529,23.7060,23.6818,5.85
29.5765,26.4063,24.8583,24.0838,23.7730,23.7326,5.95
29.6669,26.4632,24.8810,24.1264,23.7512,23.7408,6.05
29.8434,26.4995,24.9099,24.1598,23.8494,23.8037,6.15
29.8356,26.5308,24.9606,24.1745,23.8751,23.8240,6.25
30.1800,26.5571,24.9957,24.2328,23.9011,23.8787,6.35
30.0041,26.6157,25.0395,24.2968,23.9548,23.8926,6.45
30.1762,26.6227,25.0689,24.3239,23.9827,23.9376,6.55
29.9711,26.6450,25.1058,24.3379,24.0189,23.9893,6.65
30.1686,26.7184,25.1411,24.3896,24.0674,24.0275,6.75
30.1435,26.7479,25.1658,24.4180,24.1280,24.0714,6.85
30.2452,26.7872,25.2381,24.4443,24.1320,24.1127,6.95
30.1734,26.8015,25.2295,24.4822,24.1621,24.1269,7.05
30.4472,26.8367,25.2759,24.4981,24.1940,24.1945,7.15
30.3847,26.8800,25.3014,24.5451,24.2438,24.2206,7.25
30.5206,26.8867,25.3180,24.5916,24.2533,24.2531,7.35
30.4539,26.9421,25.4203,24.6171,24.3389,24.2921,7.45
30.6620,26.9935,25.4084,24.6520,24.3307,24.3193,7.55
30.9105,27.0531,25.4456,24.6772,24.4072,24.3637,7.65
30.6340,27.0581,25.4725,24.7299,24.4175,24.4086,7.75
30.9986,27.1458,25.5379,24.7927,24.4666,24.4163,7.85
30.7318,27.1103,25.5516,24.7560,24.5025,24.4758,7.95
31.0582,27.2088,25.5692,24.8648,24.5098,24.4897,8.05
31.1631,27.1886,25.5782,24.8793,24.5484,24.5380,8.15
30.9437,27.3033,25.6115,24.8771,24.6090,24.5492,8.25
30.9508,27.3673,25.6584,24.9385,24.6296,24.5898,8.35
31.0604,27.3712,25.7366,24.9648,24.6400,24.6170,8.45
31.4998,27.3867,25.7288,24.9959,24.6985,24.6596,8.55
31.4163,27.4166,25.7771,25.0439,24.7298,24.7251,8.65
31.5795,27.4130,25.7836,25.0779,24.7540,24.6581,8.75
31.4867,27.4999,25.8461,25.0977,24.7837,24.7875,8.85
31.4493,27.5354,25.9059,25.1815,24.8904,24.8760,8.95
32.2039,28.0192,26.3239,25.6916,25.5342,25.6253,9.05
33.1503,28.6579,27.0105,26.4453,26.2919,26.5317,9.15
34.9390,29.4635,27.6760,27.4088,27.4192,27.6976,9.25
33.6683,30.4260,28.7417,28.6572,28.7203,29.1958,9.35
36.0809,31.4921,29.7192,29.9125,29.8080,29.9887,9.45
35.8129,32.9816,30.7745,31.0063,30.6727,32.0176,9.55
36.7206,33.7216,31.7679,31.4542,31.4944,31.4277,9.65
-9999.0000,33.9655,32.4830,32.2597,32.7236,32.9363,9.75
36.1215,34.5146,33.0915,33.0590,34.0967,33.7875,9.85
43.2937,36.3986,35.3322,33.3173,34.0256,34.1218,9.95
-9999.0000,35.3726,34.5349,34.1010,-9999.0000,37.7608,10.05
-9999.0000,35.3735,34.0921,35.5904,35.5134,-9999.0000,10.15
-9999.0000,35.5783,34.1323,34.8095,-9999.0000,-9999.0000,10.25
-9999.0000,35.6358,34.9784,-9999.0000,-9999.0000,-9999.0000,10.35
-9999.0000,36.1634,35.5082,34.8327,47.8630,-9999.0000,10.45
-9999.0000,35.3960,34.8557,-9999.0000,34.8749,-9999.0000,10.55
-9999.0000,35.6951,34.6263,34.2508,-9999.0000,-9999.0000,10.65
-9999.0000,-9999.0000,-9999.0000,-9999.0000,34.9185,-9999.0000,10.75
-9999.0000,-9999.0000,35.2901,-9999.0000,-9999.0000,-9999.0000,10.85
-9999.0000,38.8229,34.6830,-9999.0000,-9999.0000,-9999.0000,10.95
-9999.0000,-9999.0000,-9999.0000,-9999.0000,-9999.0000,-9999.0000,11.05
-9999.0000,-9999.0000,-9999.0000,35.8918,34.5121,34.9388,11.15
-9999.0000,-9999.0000,35.3393,36.4443,35.7903,-9999.0000,11.25
-9999.0000,-9999.0000,-9999.0000,-9999.0000,-9999.0000,-9999.0000,11.35
-9999.0000,36.7755,38.4282,-9999.0000,-9999.0000,-9999.0000,11.45
-9999.0000,-9999.0000,-9999.0000,-9999.0000,-9999.0000,-9999.0000,11.55
-9999.0000,-9999.0000,-9999.0000,-9999.0000,-9999.0000,-9999.0000,11.65
-9999.0000,-9999.0000,-9999.0000,-9999.0000,-9999.0000,-9999.0000,11.75
-9999.0000,-9999.0000,-9999.0000,-9999.0000,-9999.0000,-9999.0000,11.85
-9999.0000,-9999.0000,-9999.0000,-9999.0000,-9999.0000,-9999.0000,11.95
