number,m,vk,Xlan
0,0.001,0.03,1e-1.0
1,0.001,0.03,1e-2.0
2,0.001,0.03,1e-3.0
3,0.001,0.03,1e-4.0
4,0.001,0.03,1e-5.0
5,0.001,0.03,1e-9.0
6,0.001,0.05,1e-1.0
7,0.001,0.05,1e-2.0
8,0.001,0.05,1e-3.0
9,0.001,0.05,1e-4.0
10,0.001,0.05,1e-5.0
11,0.001,0.05,1e-9.0
12,0.001,0.1,1e-1.0
13,0.001,0.1,1e-2.0
14,0.001,0.1,1e-3.0
15,0.001,0.1,1e-4.0
16,0.001,0.1,1e-5.0
17,0.001,0.1,1e-9.0
18,0.001,0.2,1e-1.0
19,0.001,0.2,1e-2.0
20,0.001,0.2,1e-3.0
21,0.001,0.2,1e-4.0
22,0.001,0.2,1e-5.0
23,0.001,0.2,1e-9.0
24,0.001,0.3,1e-1.0
25,0.001,0.3,1e-2.0
26,0.001,0.3,1e-3.0
27,0.001,0.3,1e-4.0
28,0.001,0.3,1e-5.0
29,0.001,0.3,1e-9.0
30,0.0025,0.03,1e-1.0
31,0.0025,0.03,1e-2.0
32,0.0025,0.03,1e-3.0
33,0.0025,0.03,1e-4.0
34,0.0025,0.03,1e-5.0
35,0.0025,0.03,1e-9.0
36,0.0025,0.05,1e-1.0
37,0.0025,0.05,1e-2.0
38,0.0025,0.05,1e-3.0
39,0.0025,0.05,1e-4.0
40,0.0025,0.05,1e-5.0
41,0.0025,0.05,1e-9.0
42,0.0025,0.1,1e-1.0
43,0.0025,0.1,1e-2.0
44,0.0025,0.1,1e-3.0
45,0.0025,0.1,1e-4.0
46,0.0025,0.1,1e-5.0
47,0.0025,0.1,1e-9.0
48,0.0025,0.2,1e-1.0
49,0.0025,0.2,1e-2.0
50,0.0025,0.2,1e-3.0
51,0.0025,0.2,1e-4.0
52,0.0025,0.2,1e-5.0
53,0.0025,0.2,1e-9.0
54,0.0025,0.3,1e-1.0
55,0.0025,0.3,1e-2.0
56,0.0025,0.3,1e-3.0
57,0.0025,0.3,1e-4.0
58,0.0025,0.3,1e-5.0
59,0.0025,0.3,1e-9.0
60,0.005,0.03,1e-1.0
61,0.005,0.03,1e-2.0
62,0.005,0.03,1e-3.0
63,0.005,0.03,1e-4.0
64,0.005,0.03,1e-5.0
65,0.005,0.03,1e-9.0
66,0.005,0.05,1e-1.0
67,0.005,0.05,1e-2.0
68,0.005,0.05,1e-3.0
69,0.005,0.05,1e-4.0
70,0.005,0.05,1e-5.0
71,0.005,0.05,1e-9.0
72,0.005,0.1,1e-1.0
73,0.005,0.1,1e-2.0
74,0.005,0.1,1e-3.0
75,0.005,0.1,1e-4.0
76,0.005,0.1,1e-5.0
77,0.005,0.1,1e-9.0
78,0.005,0.2,1e-1.0
79,0.005,0.2,1e-2.0
80,0.005,0.2,1e-3.0
81,0.005,0.2,1e-4.0
82,0.005,0.2,1e-5.0
83,0.005,0.2,1e-9.0
84,0.005,0.3,1e-1.0
85,0.005,0.3,1e-2.0
86,0.005,0.3,1e-3.0
87,0.005,0.3,1e-4.0
88,0.005,0.3,1e-5.0
89,0.005,0.3,1e-9.0
90,0.01,0.03,1e-1.0
91,0.01,0.03,1e-2.0
92,0.01,0.03,1e-3.0
93,0.01,0.03,1e-4.0
94,0.01,0.03,1e-5.0
95,0.01,0.03,1e-9.0
96,0.01,0.05,1e-1.0
97,0.01,0.05,1e-2.0
98,0.01,0.05,1e-3.0
99,0.01,0.05,1e-4.0
100,0.01,0.05,1e-5.0
101,0.01,0.05,1e-9.0
102,0.01,0.1,1e-1.0
103,0.01,0.1,1e-2.0
104,0.01,0.1,1e-3.0
105,0.01,0.1,1e-4.0
106,0.01,0.1,1e-5.0
107,0.01,0.1,1e-9.0
108,0.01,0.2,1e-1.0
109,0.01,0.2,1e-2.0
110,0.01,0.2,1e-3.0
111,0.01,0.2,1e-4.0
112,0.01,0.2,1e-5.0
113,0.01,0.2,1e-9.0
114,0.01,0.3,1e-1.0
115,0.01,0.3,1e-2.0
116,0.01,0.3,1e-3.0
117,0.01,0.3,1e-4.0
118,0.01,0.3,1e-5.0
119,0.01,0.3,1e-9.0
120,0.02,0.03,1e-1.0
121,0.02,0.03,1e-2.0
122,0.02,0.03,1e-3.0
123,0.02,0.03,1e-4.0
124,0.02,0.03,1e-5.0
125,0.02,0.03,1e-9.0
126,0.02,0.05,1e-1.0
127,0.02,0.05,1e-2.0
128,0.02,0.05,1e-3.0
129,0.02,0.05,1e-4.0
130,0.02,0.05,1e-5.0
131,0.02,0.05,1e-9.0
132,0.02,0.1,1e-1.0
133,0.02,0.1,1e-2.0
134,0.02,0.1,1e-3.0
135,0.02,0.1,1e-4.0
136,0.02,0.1,1e-5.0
137,0.02,0.1,1e-9.0
138,0.02,0.2,1e-1.0
139,0.02,0.2,1e-2.0
140,0.02,0.2,1e-3.0
141,0.02,0.2,1e-4.0
142,0.02,0.2,1e-5.0
143,0.02,0.2,1e-9.0
144,0.02,0.3,1e-1.0
145,0.02,0.3,1e-2.0
146,0.02,0.3,1e-3.0
147,0.02,0.3,1e-4.0
148,0.02,0.3,1e-5.0
149,0.02,0.3,1e-9.0
150,0.025,0.03,1e-1.0
151,0.025,0.03,1e-2.0
152,0.025,0.03,1e-3.0
153,0.025,0.03,1e-4.0
154,0.025,0.03,1e-5.0
155,0.025,0.03,1e-9.0
156,0.025,0.05,1e-1.0
157,0.025,0.05,1e-2.0
158,0.025,0.05,1e-3.0
159,0.025,0.05,1e-4.0
160,0.025,0.05,1e-5.0
161,0.025,0.05,1e-9.0
162,0.025,0.1,1e-1.0
163,0.025,0.1,1e-2.0
164,0.025,0.1,1e-3.0
165,0.025,0.1,1e-4.0
166,0.025,0.1,1e-5.0
167,0.025,0.1,1e-9.0
168,0.025,0.2,1e-1.0
169,0.025,0.2,1e-2.0
170,0.025,0.2,1e-3.0
171,0.025,0.2,1e-4.0
172,0.025,0.2,1e-5.0
173,0.025,0.2,1e-9.0
174,0.025,0.3,1e-1.0
175,0.025,0.3,1e-2.0
176,0.025,0.3,1e-3.0
177,0.025,0.3,1e-4.0
178,0.025,0.3,1e-5.0
179,0.025,0.3,1e-9.0
180,0.03,0.03,1e-1.0
181,0.03,0.03,1e-2.0
182,0.03,0.03,1e-3.0
183,0.03,0.03,1e-4.0
184,0.03,0.03,1e-5.0
185,0.03,0.03,1e-9.0
186,0.03,0.05,1e-1.0
187,0.03,0.05,1e-2.0
188,0.03,0.05,1e-3.0
189,0.03,0.05,1e-4.0
190,0.03,0.05,1e-5.0
191,0.03,0.05,1e-9.0
192,0.03,0.1,1e-1.0
193,0.03,0.1,1e-2.0
194,0.03,0.1,1e-3.0
195,0.03,0.1,1e-4.0
196,0.03,0.1,1e-5.0
197,0.03,0.1,1e-9.0
198,0.03,0.2,1e-1.0
199,0.03,0.2,1e-2.0
200,0.03,0.2,1e-3.0
201,0.03,0.2,1e-4.0
202,0.03,0.2,1e-5.0
203,0.03,0.2,1e-9.0
204,0.03,0.3,1e-1.0
205,0.03,0.3,1e-2.0
206,0.03,0.3,1e-3.0
207,0.03,0.3,1e-4.0
208,0.03,0.3,1e-5.0
209,0.03,0.3,1e-9.0
210,0.04,0.03,1e-1.0
211,0.04,0.03,1e-2.0
212,0.04,0.03,1e-3.0
213,0.04,0.03,1e-4.0
214,0.04,0.03,1e-5.0
215,0.04,0.03,1e-9.0
216,0.04,0.05,1e-1.0
217,0.04,0.05,1e-2.0
218,0.04,0.05,1e-3.0
219,0.04,0.05,1e-4.0
220,0.04,0.05,1e-5.0
221,0.04,0.05,1e-9.0
222,0.04,0.1,1e-1.0
223,0.04,0.1,1e-2.0
224,0.04,0.1,1e-3.0
225,0.04,0.1,1e-4.0
226,0.04,0.1,1e-5.0
227,0.04,0.1,1e-9.0
228,0.04,0.2,1e-1.0
229,0.04,0.2,1e-2.0
230,0.04,0.2,1e-3.0
231,0.04,0.2,1e-4.0
232,0.04,0.2,1e-5.0
233,0.04,0.2,1e-9.0
234,0.04,0.3,1e-1.0
235,0.04,0.3,1e-2.0
236,0.04,0.3,1e-3.0
237,0.04,0.3,1e-4.0
238,0.04,0.3,1e-5.0
239,0.04,0.3,1e-9.0
240,0.05,0.03,1e-1.0
241,0.05,0.03,1e-2.0
242,0.05,0.03,1e-3.0
243,0.05,0.03,1e-4.0
244,0.05,0.03,1e-5.0
245,0.05,0.03,1e-9.0
246,0.05,0.05,1e-1.0
247,0.05,0.05,1e-2.0
248,0.05,0.05,1e-3.0
249,0.05,0.05,1e-4.0
250,0.05,0.05,1e-5.0
251,0.05,0.05,1e-9.0
252,0.05,0.1,1e-1.0
253,0.05,0.1,1e-2.0
254,0.05,0.1,1e-3.0
255,0.05,0.1,1e-4.0
256,0.05,0.1,1e-5.0
257,0.05,0.1,1e-9.0
258,0.05,0.2,1e-1.0
259,0.05,0.2,1e-2.0
260,0.05,0.2,1e-3.0
261,0.05,0.2,1e-4.0
262,0.05,0.2,1e-5.0
263,0.05,0.2,1e-9.0
264,0.05,0.3,1e-1.0
265,0.05,0.3,1e-2.0
266,0.05,0.3,1e-3.0
267,0.05,0.3,1e-4.0
268,0.05,0.3,1e-5.0
269,0.05,0.3,1e-9.0
270,0.075,0.03,1e-1.0
271,0.075,0.03,1e-2.0
272,0.075,0.03,1e-3.0
273,0.075,0.03,1e-4.0
274,0.075,0.03,1e-5.0
275,0.075,0.03,1e-9.0
276,0.075,0.05,1e-1.0
277,0.075,0.05,1e-2.0
278,0.075,0.05,1e-3.0
279,0.075,0.05,1e-4.0
280,0.075,0.05,1e-5.0
281,0.075,0.05,1e-9.0
282,0.075,0.1,1e-1.0
283,0.075,0.1,1e-2.0
284,0.075,0.1,1e-3.0
285,0.075,0.1,1e-4.0
286,0.075,0.1,1e-5.0
287,0.075,0.1,1e-9.0
288,0.075,0.2,1e-1.0
289,0.075,0.2,1e-2.0
290,0.075,0.2,1e-3.0
291,0.075,0.2,1e-4.0
292,0.075,0.2,1e-5.0
293,0.075,0.2,1e-9.0
294,0.075,0.3,1e-1.0
295,0.075,0.3,1e-2.0
296,0.075,0.3,1e-3.0
297,0.075,0.3,1e-4.0
298,0.075,0.3,1e-5.0
299,0.075,0.3,1e-9.0
300,0.1,0.03,1e-1.0
301,0.1,0.03,1e-2.0
302,0.1,0.03,1e-3.0
303,0.1,0.03,1e-4.0
304,0.1,0.03,1e-5.0
305,0.1,0.03,1e-9.0
306,0.1,0.05,1e-1.0
307,0.1,0.05,1e-2.0
308,0.1,0.05,1e-3.0
309,0.1,0.05,1e-4.0
310,0.1,0.05,1e-5.0
311,0.1,0.05,1e-9.0
312,0.1,0.1,1e-1.0
313,0.1,0.1,1e-2.0
314,0.1,0.1,1e-3.0
315,0.1,0.1,1e-4.0
316,0.1,0.1,1e-5.0
317,0.1,0.1,1e-9.0
318,0.1,0.2,1e-1.0
319,0.1,0.2,1e-2.0
320,0.1,0.2,1e-3.0
321,0.1,0.2,1e-4.0
322,0.1,0.2,1e-5.0
323,0.1,0.2,1e-9.0
324,0.1,0.3,1e-2.0
325,0.1,0.3,1e-3.0
326,0.1,0.3,1e-4.0
327,0.1,0.3,1e-5.0
328,0.1,0.3,1e-9.0