ra,dec,u,g,r,i,time60.2294718-36.70251730    -9999.0000
1       27.8665
2       28.2688
3       28.6714
4       29.1487
        ...    
85   -9999.0000
86   -9999.0000
87   -9999.0000
88   -9999.0000
89   -9999.0000
Name: u, Length: 90, dtype: float640    -9999.0000
1       27.3700
2       27.6787
3       28.0310
4       28.0937
        ...    
85   -9999.0000
86      33.9538
87      33.2291
88      34.9164
89      34.7346
Name: g, Length: 90, dtype: float640     35.9303
1     27.2156
2     27.1606
3     27.3470
4     27.2567
       ...   
85    30.8745
86    30.6406
87    31.3742
88    30.7370
89    30.4816
Name: r, Length: 90, dtype: float6400     0.05
1     0.15
2     0.25
3     0.35
4     0.45
      ... 
85    8.55
86    8.65
87    8.75
88    8.85
89    8.95
Name: time, Length: 90, dtype: float6459.7436692-37.09383050     23.4272
1     22.7092
2     22.3526
3     22.1867
4     22.1603
       ...   
85    29.7684
86    29.8600
87    29.7381
88    29.9759
89    30.3477
Name: u, Length: 90, dtype: float640     23.4079
1     22.6223
2     22.1852
3     21.8956
4     21.7025
       ...   
85    26.2263
86    26.1883
87    26.2583
88    26.2495
89    26.3323
Name: g, Length: 90, dtype: float640     23.6408
1     22.8747
2     22.4457
3     22.1462
4     21.9071
       ...   
85    23.9624
86    24.0090
87    24.0209
88    24.0003
89    24.0403
Name: r, Length: 90, dtype: float6410     0.05
1     0.15
2     0.25
3     0.35
4     0.45
      ... 
85    8.55
86    8.65
87    8.75
88    8.85
89    8.95
Name: time, Length: 90, dtype: float6460.2103246-37.01408440     24.5841
1     23.5709
2     23.0375
3     22.7462
4     22.4938
       ...   
85    29.7255
86    30.1063
87    29.9207
88    29.6547
89    29.6054
Name: u, Length: 90, dtype: float640     24.8208
1     23.8405
2     23.3256
3     23.0037
4     22.7490
       ...   
85    26.0940
86    26.1321
87    26.0536
88    26.0258
89    26.1103
Name: g, Length: 90, dtype: float640     25.1102
1     24.3227
2     23.8002
3     23.4679
4     23.1850
       ...   
85    24.0700
86    24.0643
87    24.0614
88    24.0953
89    24.1079
Name: r, Length: 90, dtype: float6420     0.05
1     0.15
2     0.25
3     0.35
4     0.45
      ... 
85    8.55
86    8.65
87    8.75
88    8.85
89    8.95
Name: time, Length: 90, dtype: float6459.6265962-36.4529710       26.8533
1       26.5255
2       27.3707
3       28.3777
4       29.1694
        ...    
85      38.3573
86   -9999.0000
87      38.4290
88      39.9002
89      38.5112
Name: u, Length: 90, dtype: float640     25.7804
1     25.3437
2     25.6570
3     26.3880
4     27.0437
       ...   
85    33.9632
86    34.0405
87    33.9169
88    34.0236
89    34.1380
Name: g, Length: 90, dtype: float640     25.6322
1     25.2412
2     25.1049
3     25.1490
4     25.3904
       ...   
85    30.4643
86    30.4888
87    30.5198
88    30.5424
89    30.5940
Name: r, Length: 90, dtype: float6430     0.05
1     0.15
2     0.25
3     0.35
4     0.45
      ... 
85    8.55
86    8.65
87    8.75
88    8.85
89    8.95
Name: time, Length: 90, dtype: float6459.2962075-36.93168740     23.6046
1     22.8843
2     22.5489
3     22.3571
4     22.3175
       ...   
85    30.1782
86    29.8435
87    30.0105
88    29.7314
89    30.2940
Name: u, Length: 90, dtype: float640     23.6795
1     22.9002
2     22.4604
3     22.1809
4     21.9749
       ...   
85    25.9547
86    25.9389
87    25.9041
88    25.9954
89    26.0128
Name: g, Length: 90, dtype: float640     23.9487
1     23.2104
2     22.7502
3     22.4415
4     22.1946
       ...   
85    23.7062
86    23.7150
87    23.7373
88    23.7516
89    23.7442
Name: r, Length: 90, dtype: float6440     0.05
1     0.15
2     0.25
3     0.35
4     0.45
      ... 
85    8.55
86    8.65
87    8.75
88    8.85
89    8.95
Name: time, Length: 90, dtype: float64