u,g,r,i,z,y,time
26.2959,25.3679,24.4752,24.1923,24.1497,23.7884,0.05
26.3607,25.3631,24.2541,23.6020,23.5948,22.9919,0.15
26.6108,25.3735,24.1568,23.3497,23.1958,22.6738,0.25
27.0079,25.4723,24.1826,23.2760,23.0063,22.4223,0.35
27.2055,25.6352,24.1756,23.1992,22.8358,22.2734,0.45
27.5338,25.7178,24.2177,23.1880,22.7537,22.2093,0.55
28.0105,26.1331,24.4660,23.2965,22.7769,22.2432,0.65
28.5455,26.4258,24.5145,23.2995,22.7258,22.2188,0.75
29.0510,26.6165,24.6239,23.3167,22.7876,22.2682,0.85
29.5473,26.8934,24.7993,23.4278,22.8799,22.2838,0.95
30.0677,27.1376,24.9675,23.5682,22.9731,22.3643,1.05
30.4364,27.5282,25.1590,23.7017,23.0565,22.4185,1.15
30.8251,27.7271,25.2688,23.7883,23.1550,22.4269,1.25
30.9582,27.8972,25.4835,23.8822,23.1612,22.4629,1.35
31.8589,28.3691,25.7363,24.1732,23.4201,22.6154,1.45
31.8653,28.5438,25.8967,24.2112,23.4560,22.6130,1.55
32.3761,28.6620,26.0213,24.2792,23.4557,22.6102,1.65
33.0454,29.1736,26.3278,24.6313,23.7173,22.7796,1.75
33.2205,29.1894,26.2972,24.5020,23.6055,22.6605,1.85
32.4243,29.6524,26.6258,24.8552,23.9047,22.9161,1.95
33.5763,29.8353,26.6871,24.7984,23.7896,22.7575,2.05
33.7767,30.1090,27.1333,25.1906,24.0626,23.0200,2.15
-9999.0000,30.6836,26.9739,25.0718,23.9719,22.9247,2.25
-9999.0000,30.6524,27.3274,25.4206,24.1934,23.0860,2.35
36.1759,31.4093,27.5419,25.4584,24.2429,23.1803,2.45
38.3192,31.5258,27.5808,25.5501,24.3306,23.1189,2.55
-9999.0000,31.7848,28.1857,25.8253,24.5758,23.3722,2.65
-9999.0000,32.2798,28.0334,25.7711,24.5308,23.3259,2.75
-9999.0000,32.4768,28.4455,26.0911,24.7057,23.4139,2.85
-9999.0000,32.9214,28.4586,26.2778,24.8505,23.6269,2.95
-9999.0000,32.3744,28.6143,26.2156,24.7735,23.5836,3.05
-9999.0000,34.3907,29.1228,26.5009,24.9935,23.6651,3.15
-9999.0000,33.6472,29.1151,26.7148,25.1738,23.8740,3.25
-9999.0000,33.7057,28.9564,26.6811,25.0927,23.8156,3.35
-9999.0000,34.1592,29.3794,26.8227,25.2117,23.8623,3.45
-9999.0000,33.0433,29.5028,26.9688,25.4136,24.1120,3.55
-9999.0000,-9999.0000,29.9281,27.0393,25.4554,24.0828,3.65
-9999.0000,34.0135,29.4444,27.0135,25.4508,24.0304,3.75
-9999.0000,34.6926,30.1061,27.2798,25.5560,24.1435,3.85
-9999.0000,33.8344,30.1741,27.3878,25.6586,24.3141,3.95
-9999.0000,34.2850,29.6002,27.3292,25.6026,24.2941,4.05
-9999.0000,33.8066,29.7609,27.1746,25.5111,24.2386,4.15
-9999.0000,33.3742,30.2653,27.3865,25.7444,24.3450,4.25
-9999.0000,33.6017,29.7684,27.4242,25.7129,24.4618,4.35
-9999.0000,33.6708,29.7244,27.3656,25.7493,24.3692,4.45
-9999.0000,33.3065,29.9462,27.2199,25.7132,24.3746,4.55
-9999.0000,34.5045,30.4299,27.4212,25.7065,24.4172,4.65
-9999.0000,32.7708,30.0796,27.5570,25.8647,24.6077,4.75
-9999.0000,34.6190,30.0010,27.3880,25.8149,24.5829,4.85
-9999.0000,38.9799,30.0954,27.3193,25.7319,24.5613,4.95
-9999.0000,33.9745,29.9161,27.4210,25.7604,24.5523,5.05
-9999.0000,33.1579,29.8059,27.4319,25.8879,24.6293,5.15
-9999.0000,34.8755,30.0143,27.5107,25.9253,24.7538,5.25
-9999.0000,34.8802,30.0528,27.4869,25.9086,24.7148,5.35
-9999.0000,33.3468,30.0000,27.3442,25.8820,24.7795,5.45
-9999.0000,37.5010,29.9478,27.3125,25.9675,24.7099,5.55
-9999.0000,33.4299,29.8619,27.4560,25.9199,24.7539,5.65
-9999.0000,34.2978,29.9300,27.4585,25.9354,24.8784,5.75
-9999.0000,35.5596,30.2271,27.4340,25.9550,24.8695,5.85
-9999.0000,33.6552,30.1181,27.4564,25.9983,24.9449,5.95
-9999.0000,33.4993,29.5345,27.4009,25.9523,24.9854,6.05
-9999.0000,33.2587,29.7890,27.4910,26.0943,25.0153,6.15
-9999.0000,34.8102,29.7796,27.3794,26.0511,25.1431,6.25
-9999.0000,34.4102,30.1007,27.3865,26.0991,25.0570,6.35
-9999.0000,-9999.0000,29.7155,27.5159,26.1014,25.1522,6.45
-9999.0000,34.4601,29.9612,27.3088,26.1455,25.2362,6.55
-9999.0000,34.0290,29.7736,27.3341,26.0772,25.3290,6.65
-9999.0000,33.7334,29.9693,27.5440,26.1277,25.3065,6.75
-9999.0000,34.3722,29.5696,27.4083,26.1461,25.4058,6.85
-9999.0000,34.5364,29.8960,27.3226,26.1476,25.4111,6.95
-9999.0000,36.1634,29.7676,27.4591,26.1357,25.3517,7.05
-9999.0000,34.2853,29.6052,27.3461,26.2124,25.3836,7.15
-9999.0000,34.2857,29.6661,27.3906,26.1239,25.5506,7.25
-9999.0000,32.7206,29.9145,27.4385,26.2154,25.7099,7.35
-9999.0000,33.6774,29.7495,27.3589,26.2055,25.6578,7.45
-9999.0000,34.2942,29.5913,27.3306,26.1800,25.6744,7.55
-9999.0000,33.0431,29.6983,27.4394,26.2910,25.6718,7.65
-9999.0000,33.9386,29.7559,27.4319,26.1975,25.6790,7.75
-9999.0000,32.9340,29.6071,27.2864,26.1354,25.6357,7.85
-9999.0000,34.1195,29.7700,27.3788,26.1392,25.7340,7.95
-9999.0000,35.2215,29.6553,27.2846,26.2436,25.8735,8.05
-9999.0000,-9999.0000,29.8126,27.4324,26.1429,25.9434,8.15
-9999.0000,32.7175,29.9063,27.3780,26.1662,25.9481,8.25
-9999.0000,33.3871,29.5460,27.3532,26.1216,25.8837,8.35
-9999.0000,33.4896,29.6395,27.3818,26.1910,25.9000,8.45
-9999.0000,33.7114,29.7824,27.3535,26.1652,26.0207,8.55
-9999.0000,34.1648,29.8349,27.4814,26.1703,25.9240,8.65
-9999.0000,34.3827,29.6980,27.5132,26.1769,26.0733,8.75
-9999.0000,33.9743,29.7090,27.4860,26.2561,26.1337,8.85
-9999.0000,32.8735,29.7545,27.5461,26.2291,26.1649,8.95
