u,g,r,i,z,y,time
24.4586,22.6533,22.6972,23.0173,23.2940,23.5519,0.05
25.0244,22.4533,22.2704,22.5302,22.8360,23.1088,0.15
25.3408,22.6033,22.1062,22.2941,22.5823,22.8947,0.25
25.6475,22.8941,22.0820,22.1743,22.4163,22.7548,0.35
25.8846,23.2108,22.1379,22.1477,22.3100,22.6578,0.45
26.1341,23.5152,22.2676,22.1506,22.2413,22.5481,0.55
26.3287,23.7805,22.4640,22.1714,22.1966,22.4545,0.65
26.4817,24.0213,22.7022,22.2330,22.1967,22.3816,0.75
26.7736,24.2354,22.9526,22.3334,22.2129,22.3420,0.85
26.8506,24.4290,23.1505,22.4565,22.2593,22.3324,0.95
27.0199,24.6115,23.2965,22.5853,22.3177,22.3423,1.05
27.1983,24.7802,23.4129,22.7123,22.3819,22.3750,1.15
27.3084,24.9168,23.5268,22.8326,22.4549,22.4419,1.25
27.4524,25.0672,23.6365,22.9427,22.5439,22.4992,1.35
27.4716,25.2018,23.7315,23.0548,22.6338,22.5658,1.45
27.6627,25.3184,23.8063,23.1354,22.7227,22.6245,1.55
27.7322,25.4127,23.9075,23.2074,22.7993,22.7028,1.65
27.9177,25.5060,23.9973,23.3021,22.8765,22.7668,1.75
27.9699,25.6177,24.0615,23.3690,22.9702,22.8456,1.85
28.0131,25.6900,24.1390,23.4452,23.0526,22.9093,1.95
28.1918,25.7806,24.2157,23.5224,23.1168,22.9757,2.05
28.1726,25.8408,24.2856,23.5925,23.1993,23.0483,2.15
28.3904,25.9373,24.3613,23.6551,23.2713,23.1385,2.25
28.5259,25.9990,24.4024,23.6986,23.3468,23.1985,2.35
28.4642,26.0641,24.4867,23.7801,23.4106,23.2809,2.45
28.6927,26.1399,24.5465,23.8367,23.4763,23.3361,2.55
28.7073,26.1864,24.5953,23.8895,23.5436,23.4114,2.65
28.8477,26.2501,24.6859,23.9490,23.6058,23.4981,2.75
28.7173,26.2744,24.7409,24.0091,23.6716,23.5589,2.85
28.9862,26.3425,24.8059,24.0561,23.7245,23.6274,2.95
29.2164,26.4044,24.8586,24.1244,23.7863,23.6734,3.05
29.1929,26.4799,24.9046,24.1573,23.8369,23.7557,3.15
29.2017,26.4839,24.9691,24.2300,23.9071,23.8354,3.25
29.4230,26.5481,25.0426,24.2815,23.9738,23.8831,3.35
29.3508,26.6135,25.0642,24.3153,24.0141,23.9367,3.45
29.4035,26.6557,25.1362,24.3989,24.0613,23.9966,3.55
29.5758,26.6925,25.1751,24.4386,24.1127,24.0530,3.65
29.6773,26.7361,25.2302,24.4839,24.1770,24.1325,3.75
29.5788,26.8415,25.2783,24.5311,24.2234,24.1920,3.85
29.7232,26.8535,25.3316,24.6118,24.2894,24.2300,3.95
29.9634,26.8939,25.3773,24.6496,24.3274,24.2663,4.05
29.9496,26.9424,25.4307,24.6970,24.3576,24.3340,4.15
30.0744,26.9641,25.4660,24.7264,24.4311,24.4103,4.25
30.0951,27.0101,25.5111,24.7918,24.4929,24.4679,4.35
30.2012,27.0618,25.5581,24.8305,24.5194,24.4984,4.45
30.2241,27.1238,25.6090,24.8600,24.5699,24.5432,4.55
30.4905,27.1505,25.6504,24.9103,24.6105,24.5847,4.65
30.3099,27.2227,25.6999,24.9800,24.6797,24.6448,4.75
30.3970,27.2408,25.7378,25.0032,24.7319,24.6992,4.85
30.6742,27.3253,25.7841,25.0726,24.7696,24.7325,4.95
30.7754,27.3572,25.8360,25.1044,24.8044,24.7895,5.05
30.6908,27.4161,25.8911,25.1358,24.8545,24.8176,5.15
30.8344,27.4397,25.9316,25.1918,24.9019,24.8981,5.25
30.8168,27.4762,25.9500,25.2146,24.9457,24.9212,5.35
30.9756,27.5441,26.0101,25.2888,24.9841,24.9702,5.45
31.1189,27.5821,26.0397,25.3333,25.0281,25.0098,5.55
31.0486,27.6099,26.0865,25.3616,25.0853,25.0416,5.65
31.2152,27.6726,26.1060,25.3958,25.1202,25.1019,5.75
31.2815,27.7105,26.1628,25.4582,25.1837,25.1665,5.85
31.2646,27.7808,26.1923,25.5274,25.1854,25.1613,5.95
31.4184,27.8220,26.2163,25.5474,25.2559,25.2659,6.05
31.5578,27.8240,26.2729,25.6013,25.2934,25.2574,6.15
31.7069,27.8922,26.3020,25.6133,25.3343,25.3323,6.25
31.9205,27.9494,26.3614,25.6531,25.3837,25.3782,6.35
31.9246,27.9716,26.4243,25.7013,25.4132,25.3627,6.45
31.8300,28.0221,26.4558,25.7354,25.4488,25.4552,6.55
31.8606,28.0621,26.4636,25.7814,25.4954,25.4874,6.65
32.1955,28.1032,26.5019,25.8186,25.5291,25.5229,6.75
32.2486,28.1154,26.5384,25.8819,25.5660,25.5626,6.85
32.2494,28.2090,26.5699,25.8968,25.6120,25.5724,6.95
32.4276,28.2363,26.6297,25.9494,25.6736,25.6505,7.05
32.0525,28.2853,26.6576,25.9844,25.6839,25.6971,7.15
32.3880,28.3217,26.6924,26.0255,25.7188,25.6913,7.25
32.7918,28.4104,26.7487,26.0463,25.8006,25.7780,7.35
32.7604,28.4593,26.7943,26.0967,25.8292,25.7976,7.45
32.8426,28.4920,26.8049,26.1378,25.8729,25.8359,7.55
33.0855,28.5452,26.8396,26.1646,25.8606,25.8910,7.65
32.8027,28.6119,26.8948,26.1780,25.9378,25.9171,7.75
32.9081,28.6090,26.9192,26.2455,25.9760,25.9688,7.85
33.0533,28.6567,26.9606,26.2893,25.9941,26.0065,7.95
32.9205,28.7447,27.0041,26.3485,26.0287,25.9981,8.05
33.2188,28.7785,27.0140,26.3557,26.0789,26.0580,8.15
33.4954,28.8272,27.0809,26.4135,26.1061,26.1290,8.25
33.6693,28.8609,27.0832,26.4113,26.1884,26.1585,8.35
33.3475,28.9164,27.1002,26.4450,26.2246,26.1769,8.45
33.4955,28.9916,27.2143,26.5214,26.2118,26.2658,8.55
33.3989,29.0334,27.2163,26.5429,26.2940,26.2662,8.65
33.6024,29.0918,27.2449,26.5776,26.3394,26.2714,8.75
33.5657,29.1693,27.2833,26.6116,26.3201,26.3264,8.85
34.3464,29.1748,27.3304,26.6976,26.3971,26.4516,8.95
