u,g,r,i,z,y,time
26.1528,25.5066,25.4382,25.4858,25.8906,26.1201,0.05
25.6086,24.7789,24.6360,24.8063,25.0723,25.3267,0.15
25.4483,24.4425,24.2272,24.3814,24.6539,24.8629,0.25
25.4011,24.2641,23.9489,24.0635,24.3682,24.5467,0.35
25.4353,24.1919,23.7390,23.8670,24.1159,24.3056,0.45
25.5192,24.1745,23.5874,23.6962,23.9169,24.1403,0.55
25.6578,24.2305,23.4660,23.5731,23.7629,24.0018,0.65
25.8299,24.2808,23.3794,23.4733,23.6674,23.8762,0.75
25.9948,24.3923,23.3086,23.3724,23.5542,23.7550,0.85
26.2659,24.5275,23.2603,23.2903,23.4806,23.6995,0.95
26.4803,24.6969,23.2356,23.2092,23.3972,23.5960,1.05
26.6798,24.8409,23.2384,23.1431,23.3034,23.5405,1.15
26.8563,24.9713,23.2665,23.0617,23.2433,23.4514,1.25
27.0325,25.1114,23.3225,23.0082,23.1752,23.4007,1.35
27.2182,25.2626,23.3808,22.9525,23.1553,23.3357,1.45
27.3582,25.3298,23.4548,22.8907,23.0888,23.2744,1.55
27.5091,25.4167,23.5530,22.8712,23.0711,23.2189,1.65
27.6797,25.5541,23.6615,22.8408,22.9915,23.1810,1.75
27.6751,25.5820,23.7679,22.8295,22.9977,23.1543,1.85
28.0090,25.6941,23.8901,22.8180,22.9708,23.1271,1.95
27.9236,25.7366,23.9758,22.8278,22.9313,23.1057,2.05
28.1530,25.8818,24.1031,22.8188,22.9212,23.0949,2.15
28.0802,25.8783,24.1675,22.8227,22.8992,23.0689,2.25
28.4442,26.0008,24.2830,22.8734,22.9089,23.0599,2.35
28.3934,26.0317,24.3359,22.8914,22.8799,23.0756,2.45
28.5527,26.1245,24.4487,22.9265,22.8755,23.0616,2.55
28.6252,26.1762,24.5337,22.9775,22.8914,23.0816,2.65
28.6039,26.2452,24.5841,22.9982,22.8782,23.0710,2.75
28.7749,26.3455,24.6918,23.0679,22.9065,23.0911,2.85
28.9143,26.3930,24.7520,23.1218,22.9209,23.1153,2.95
28.9900,26.4231,24.8314,23.1515,22.9333,23.0995,3.05
29.1849,26.4813,24.9155,23.2048,22.9491,23.1208,3.15
29.4794,26.6280,25.0110,23.2899,22.9807,23.1516,3.25
29.5989,26.6319,25.0547,23.3236,23.0094,23.1448,3.35
29.6680,26.7752,25.1285,23.3609,23.0390,23.1598,3.45
29.8869,26.8807,25.2197,23.4359,23.0920,23.1923,3.55
29.9293,26.9294,25.2954,23.4994,23.1460,23.1870,3.65
30.1541,26.9924,25.3951,23.5493,23.1900,23.2248,3.75
30.3577,27.1745,25.4436,23.6465,23.2410,23.2419,3.85
30.4220,27.2102,25.4982,23.7044,23.2882,23.2859,3.95
30.2967,27.2309,25.5648,23.7507,23.3381,23.2903,4.05
30.2977,27.3730,25.7001,23.8563,23.4208,23.3264,4.15
30.8536,27.4155,25.7704,23.9561,23.5032,23.3871,4.25
30.9359,27.5138,25.8035,24.0456,23.5544,23.4210,4.35
31.1507,27.6150,25.8475,24.0931,23.6152,23.4220,4.45
30.8080,27.6511,25.9697,24.1713,23.6886,23.4293,4.55
31.3036,27.7715,26.0258,24.2895,23.7492,23.4887,4.65
31.3511,27.8476,26.0748,24.3669,23.8436,23.5743,4.75
31.8280,27.9303,26.1328,24.4040,23.8912,23.6162,4.85
32.1433,28.1069,26.2234,24.4959,23.9240,23.6383,4.95
31.9594,28.1375,26.3708,24.5194,23.9603,23.6642,5.05
32.1071,28.2410,26.3878,24.6074,24.0348,23.7119,5.15
31.7564,28.3670,26.4562,24.6930,24.1277,23.7924,5.25
32.1473,28.3493,26.5076,24.7529,24.1849,23.8210,5.35
31.9951,28.4783,26.5966,24.8007,24.2317,23.8667,5.45
34.0546,28.5079,26.7172,24.8716,24.2312,23.8831,5.55
32.4976,28.8152,26.7507,24.9004,24.3057,23.9243,5.65
32.2658,28.7484,26.7676,25.0043,24.3367,23.9827,5.75
33.1235,28.8181,26.8671,25.0548,24.3744,24.0190,5.85
33.1961,28.9627,26.9578,25.0659,24.4233,24.0570,5.95
33.0431,28.9587,26.9910,25.1466,24.4943,24.1026,6.05
33.9386,29.0116,27.1781,25.1949,24.5626,24.1023,6.15
33.1771,29.1797,27.1468,25.2368,24.5563,24.1488,6.25
33.2037,29.4123,27.1638,25.2973,24.5910,24.2143,6.35
34.8338,29.3021,27.2178,25.3441,24.6380,24.2612,6.45
33.5331,29.3312,27.2809,25.4044,24.6785,24.2815,6.55
33.5432,29.3572,27.3612,25.4265,24.7056,24.3071,6.65
34.4322,29.5273,27.4782,25.5038,24.7118,24.3228,6.75
33.6207,29.6701,27.5746,25.5569,24.7904,24.4020,6.85
33.6754,29.7512,27.6107,25.5997,24.8272,24.4259,6.95
33.7207,29.7461,27.6256,25.6465,24.8649,24.4248,7.05
34.4158,29.6736,27.6177,25.6737,24.8763,24.4741,7.15
34.0333,29.7410,27.6137,25.7133,24.8812,24.5082,7.25
34.4599,29.9370,27.7057,25.7501,24.9190,24.5539,7.35
35.2049,29.9261,27.7798,25.7737,24.9608,24.5399,7.45
33.7808,30.0148,27.9308,25.8199,25.0264,24.5818,7.55
34.7290,30.2056,27.9107,25.8972,25.0312,24.6126,7.65
37.6413,30.1837,27.9082,25.9499,25.0528,24.6713,7.75
-9999.0000,30.3075,27.9978,25.9460,25.1057,24.6756,7.85
34.7052,30.2987,27.9615,25.9730,25.1208,24.7060,7.95
-9999.0000,30.4991,28.0548,25.9725,25.1277,24.7070,8.05
37.1641,30.3228,28.0093,26.0758,25.2050,24.7372,8.15
-9999.0000,30.3938,28.1147,26.0584,25.2272,24.7799,8.25
38.7727,30.4732,28.1972,26.0969,25.2520,24.7650,8.35
34.9209,30.6016,28.1964,26.1799,25.2735,24.8342,8.45
-9999.0000,30.5331,28.1842,26.2604,25.2968,24.8461,8.55
34.7827,30.5563,28.2872,26.1979,25.3800,24.9140,8.65
36.7624,30.5672,28.3007,26.2628,25.3674,24.9121,8.75
35.9713,30.4998,28.3293,26.2514,25.3588,24.9469,8.85
36.0983,30.6686,28.4516,26.3168,25.3602,24.9316,8.95
