u,g,r,i,z,y,time
33.9350,31.9065,30.4428,29.5596,29.0683,28.4029,0.05
35.2599,33.1764,31.2637,30.0260,29.3239,28.3517,0.15
38.1070,34.3220,31.7682,30.2713,29.4866,28.4142,0.25
37.3886,34.9849,32.1417,30.4563,29.6315,28.5180,0.35
37.8099,35.1560,32.5833,30.6195,29.7587,28.5584,0.45
-9999.0000,35.9514,32.7225,30.7424,29.8204,28.6198,0.55
40.0713,35.8251,32.9863,30.8870,29.9404,28.6443,0.65
-9999.0000,36.6478,33.2720,31.0214,30.0148,28.7352,0.75
-9999.0000,38.5058,33.3590,31.2653,30.0839,28.8585,0.85
-9999.0000,37.3420,33.4328,31.4162,30.1472,28.9578,0.95
-9999.0000,37.1795,33.6267,31.4322,30.2672,29.0513,1.05
38.6863,37.6935,33.9264,31.6290,30.3717,29.1865,1.15
-9999.0000,37.9172,34.0265,31.7045,30.4807,29.3155,1.25
-9999.0000,38.0217,34.6881,31.9536,30.5447,29.4284,1.35
-9999.0000,37.4041,34.2981,32.0878,30.6032,29.5618,1.45
-9999.0000,39.9342,34.3773,32.3366,30.7389,29.7577,1.55
-9999.0000,38.7146,34.6375,32.3828,30.8045,29.7624,1.65
-9999.0000,38.0137,35.0144,32.3147,30.9984,29.9124,1.75
-9999.0000,38.3308,34.9679,32.5300,31.0377,29.9813,1.85
-9999.0000,38.6876,35.1858,32.6205,30.9867,30.1046,1.95
-9999.0000,37.6753,34.9865,32.7927,31.1122,30.1806,2.05
-9999.0000,38.5378,35.1321,32.9291,31.2464,30.1995,2.15
-9999.0000,37.8970,35.0359,32.9670,31.4418,30.3007,2.25
-9999.0000,40.0149,35.3045,33.1018,31.4789,30.4353,2.35
-9999.0000,38.7973,35.6965,33.0782,31.4575,30.4691,2.45
-9999.0000,38.8469,35.6947,33.3323,31.6145,30.5346,2.55
-9999.0000,-9999.0000,35.1664,33.1855,31.6604,30.6695,2.65
-9999.0000,40.4369,35.6360,33.3618,31.5910,30.6206,2.75
-9999.0000,39.1447,35.4123,33.3877,31.6996,30.7225,2.85
-9999.0000,-9999.0000,35.4808,33.6635,31.7891,30.7773,2.95
-9999.0000,38.3489,35.4178,33.5493,31.8760,30.8557,3.05
-9999.0000,39.6385,35.5610,33.3446,31.8647,30.8214,3.15
-9999.0000,39.0655,35.4804,33.7099,31.9982,30.9744,3.25
-9999.0000,42.5485,35.4739,33.5875,32.0364,31.0289,3.35
-9999.0000,38.1606,35.7693,33.9785,32.0566,31.0104,3.45
-9999.0000,39.1324,35.5806,33.6381,32.2755,30.9475,3.55
-9999.0000,-9999.0000,35.6386,33.7221,32.1326,31.0957,3.65
-9999.0000,41.0723,35.7138,33.6494,32.2831,31.1759,3.75
-9999.0000,38.9864,35.6194,33.7860,32.2162,31.2111,3.85
-9999.0000,-9999.0000,35.7940,34.1192,32.2654,31.1651,3.95
-9999.0000,-9999.0000,35.6020,34.1445,32.3329,31.1451,4.05
-9999.0000,40.7394,35.7477,33.8381,32.3474,31.1912,4.15
-9999.0000,40.1916,36.0410,33.8523,32.3608,31.2150,4.25
-9999.0000,-9999.0000,35.8803,33.8692,32.3673,31.3218,4.35
-9999.0000,39.7493,35.9732,33.9262,32.5488,31.1829,4.45
-9999.0000,-9999.0000,35.5953,34.3973,32.6780,31.3355,4.55
-9999.0000,41.7658,35.8757,34.1190,32.4422,31.2515,4.65
-9999.0000,39.3978,36.6302,34.0186,32.5999,31.3878,4.75
-9999.0000,39.8134,36.4317,33.9954,32.5400,31.4070,4.85
-9999.0000,-9999.0000,36.0880,33.8694,32.4121,31.3572,4.95
-9999.0000,-9999.0000,36.2766,34.0239,32.4810,31.4652,5.05
-9999.0000,41.5185,36.4584,34.0972,32.5766,31.4080,5.15
-9999.0000,-9999.0000,36.5145,34.0129,32.6509,31.4864,5.25
-9999.0000,40.4407,36.0528,34.0861,32.5358,31.3849,5.35
-9999.0000,-9999.0000,36.6018,34.0545,32.6151,31.4880,5.45
-9999.0000,45.4855,36.5166,34.2602,32.4620,31.4725,5.55
-9999.0000,-9999.0000,36.4094,34.0440,32.7080,31.5237,5.65
-9999.0000,38.8595,35.7305,34.1282,32.7272,31.4515,5.75
-9999.0000,-9999.0000,35.9181,34.2624,32.6047,31.6176,5.85
-9999.0000,-9999.0000,36.0448,34.1533,32.6585,31.6299,5.95
-9999.0000,-9999.0000,37.4991,34.1847,32.7087,31.5164,6.05
-9999.0000,39.6949,36.5000,34.5148,32.9327,31.5868,6.15
-9999.0000,-9999.0000,36.3666,34.1460,32.8976,31.6817,6.25
-9999.0000,-9999.0000,36.5069,34.4218,32.6442,31.6802,6.35
-9999.0000,-9999.0000,36.5435,34.1739,32.7634,31.6606,6.45
-9999.0000,-9999.0000,36.7038,34.3010,32.9131,31.6722,6.55
-9999.0000,40.5579,36.3114,34.2336,32.6891,31.7273,6.65
-9999.0000,40.4612,36.5544,34.4397,32.8311,31.6730,6.75
-9999.0000,-9999.0000,36.2907,34.2215,32.8780,31.6773,6.85
-9999.0000,-9999.0000,36.9943,34.0701,32.8007,31.7460,6.95
-9999.0000,45.4756,36.5645,34.3036,32.7895,31.7019,7.05
-9999.0000,-9999.0000,36.1608,34.1473,32.9667,31.7606,7.15
-9999.0000,42.0716,36.6072,34.2826,32.8815,31.8694,7.25
-9999.0000,-9999.0000,36.2030,34.2409,32.9869,31.9071,7.35
-9999.0000,42.2113,36.6487,34.4013,32.9495,31.9311,7.45
-9999.0000,-9999.0000,36.2916,34.3820,33.0400,31.9080,7.55
-9999.0000,40.3123,36.4028,34.1629,33.0069,32.0049,7.65
-9999.0000,-9999.0000,36.5166,34.2850,33.1169,32.0147,7.75
-9999.0000,-9999.0000,36.3660,34.0341,33.0584,31.9651,7.85
-9999.0000,-9999.0000,36.2219,34.0801,33.2759,32.0336,7.95
-9999.0000,-9999.0000,36.7162,34.2953,33.0230,32.0331,8.05
-9999.0000,-9999.0000,37.0033,34.0668,33.1957,32.0389,8.15
-9999.0000,-9999.0000,36.8980,34.1124,33.0175,32.0895,8.25
-9999.0000,-9999.0000,37.0376,34.1554,33.1642,32.1316,8.35
-9999.0000,42.2993,37.2306,34.4355,33.4134,32.1144,8.45
-9999.0000,-9999.0000,36.5088,34.0344,33.2735,32.1979,8.55
-9999.0000,-9999.0000,37.0327,34.4260,33.1601,32.0882,8.65
-9999.0000,-9999.0000,36.6227,34.1843,33.3045,32.2826,8.75
-9999.0000,-9999.0000,36.6063,34.2927,33.1815,32.3033,8.85
-9999.0000,-9999.0000,36.1945,34.4498,33.2714,32.3249,8.95
