u,g,r,i,z,y,time
32.3081,30.8326,28.5386,27.5206,27.4194,27.3475,0.05
32.6929,31.0133,28.6534,27.2255,26.9850,26.9040,0.15
33.4664,31.4216,29.0649,27.4233,27.0408,26.7450,0.25
34.3576,31.9212,29.4454,27.8001,27.3266,26.7820,0.35
35.2754,32.5095,29.8783,28.2470,27.7103,26.9899,0.45
36.1861,33.1070,30.3741,28.6423,28.0130,27.3281,0.55
37.2854,33.5063,30.8334,29.0141,28.2843,27.6415,0.65
37.2517,33.9961,31.2545,29.3380,28.5271,27.9205,0.75
37.8507,34.5168,31.6570,29.6611,28.7570,28.1537,0.85
38.6587,34.7074,31.9049,29.9497,28.9611,28.3560,0.95
39.2088,34.8853,32.1667,30.1641,29.1428,28.5093,1.05
39.4275,35.3411,32.3051,30.3525,29.3191,28.6538,1.15
39.6468,35.5917,32.5028,30.5009,29.4205,28.7824,1.25
40.7219,35.5005,32.6607,30.6694,29.5361,28.9212,1.35
39.2194,35.8020,32.6779,30.7839,29.6159,29.0061,1.45
-9999.0000,36.1071,32.8723,30.8666,29.7384,29.0939,1.55
39.8958,36.2391,32.9888,30.9901,29.8396,29.1878,1.65
39.9324,36.0698,33.0691,31.0409,29.9201,29.2451,1.75
-9999.0000,36.5535,33.1786,31.1938,29.9689,29.3044,1.85
-9999.0000,36.6926,33.3000,31.2404,30.0111,29.3512,1.95
-9999.0000,36.5528,33.2874,31.3451,30.1182,29.4254,2.05
-9999.0000,36.9982,33.3451,31.3832,30.1765,29.5021,2.15
-9999.0000,36.9341,33.5177,31.4353,30.2754,29.5240,2.25
-9999.0000,36.8905,33.6175,31.4953,30.3366,29.5988,2.35
-9999.0000,37.0173,33.6741,31.5764,30.4199,29.6396,2.45
-9999.0000,37.4417,33.7017,31.6781,30.4777,29.6910,2.55
-9999.0000,37.5807,33.8018,31.6958,30.5275,29.7431,2.65
-9999.0000,37.7973,34.0350,31.7736,30.5795,29.8217,2.75
-9999.0000,37.4943,33.8691,31.8220,30.6596,29.8551,2.85
-9999.0000,37.5633,33.9346,31.9358,30.6818,29.9056,2.95
-9999.0000,37.8240,34.2487,31.9890,30.7363,29.9664,3.05
-9999.0000,38.4014,34.0548,32.0681,30.7849,30.0059,3.15
-9999.0000,38.0149,34.2329,32.0647,30.8584,30.0727,3.25
-9999.0000,38.0966,34.0994,32.0877,30.9716,30.1213,3.35
-9999.0000,38.2381,34.4792,32.2628,30.9636,30.1306,3.45
-9999.0000,37.9515,34.5054,32.3139,31.0762,30.2223,3.55
-9999.0000,38.8388,34.5491,32.3729,31.1429,30.2668,3.65
-9999.0000,38.1118,34.5777,32.3946,31.1916,30.3272,3.75
-9999.0000,39.4380,34.6263,32.4908,31.3220,30.3988,3.85
-9999.0000,38.6807,34.7333,32.4952,31.2644,30.4111,3.95
-9999.0000,38.7217,34.7200,32.6215,31.3294,30.4873,4.05
-9999.0000,38.2360,34.9186,32.6088,31.4105,30.5384,4.15
-9999.0000,39.3053,34.7259,32.6938,31.4884,30.5808,4.25
-9999.0000,39.3089,34.8909,32.7577,31.5442,30.6524,4.35
-9999.0000,39.5709,35.0914,32.8080,31.5999,30.6921,4.45
-9999.0000,39.7094,35.0642,32.8507,31.6460,30.7430,4.55
-9999.0000,38.7243,35.0936,32.9397,31.6959,30.7709,4.65
-9999.0000,39.0150,35.1208,32.9101,31.7178,30.8629,4.75
-9999.0000,39.3170,35.2530,33.0808,31.8838,30.9617,4.85
-9999.0000,39.2064,35.2599,33.1704,31.8311,30.9530,4.95
-9999.0000,39.7364,35.3132,33.1333,31.8385,31.0191,5.05
-9999.0000,39.9828,35.4290,33.2511,32.0397,31.0489,5.15
-9999.0000,39.9404,35.3468,33.3163,32.0842,31.1343,5.25
-9999.0000,40.3665,35.5292,33.3159,32.1150,31.2306,5.35
-9999.0000,40.5596,35.6832,33.3477,32.0841,31.2068,5.45
-9999.0000,40.1250,35.6956,33.4753,32.1848,31.2764,5.55
-9999.0000,41.2066,35.4848,33.5217,32.2014,31.3644,5.65
-9999.0000,40.1768,35.6896,33.5444,32.2942,31.4265,5.75
-9999.0000,40.1438,35.5816,33.5520,32.4261,31.4675,5.85
-9999.0000,40.4900,35.6297,33.6423,32.4678,31.5655,5.95
-9999.0000,40.3988,35.7165,33.5999,32.5266,31.5825,6.05
-9999.0000,41.3322,35.7851,33.6038,32.4523,31.6395,6.15
-9999.0000,40.5678,35.5586,33.7587,32.6799,31.6751,6.25
-9999.0000,43.5209,36.0082,33.7591,32.6623,31.7463,6.35
-9999.0000,41.0512,35.8828,33.8708,32.6899,31.8013,6.45
-9999.0000,42.7647,35.8045,33.8001,32.8087,31.9239,6.55
-9999.0000,40.8768,35.8410,33.8212,32.7447,31.9334,6.65
-9999.0000,40.5817,35.8586,33.8966,32.8188,31.9857,6.75
-9999.0000,41.2845,35.8911,33.9251,32.9707,32.0396,6.85
-9999.0000,43.8331,36.0816,33.9943,32.9737,32.0853,6.95
-9999.0000,42.1794,35.8810,34.0018,32.9802,32.1739,7.05
-9999.0000,41.5479,35.8319,33.9377,32.9684,32.2376,7.15
-9999.0000,-9999.0000,36.0853,34.0076,33.1445,32.2775,7.25
-9999.0000,43.9296,35.9982,33.9967,33.0972,32.2869,7.35
-9999.0000,42.7499,36.2821,34.1508,33.2119,32.3763,7.45
-9999.0000,46.5751,36.1732,34.0646,33.2622,32.4042,7.55
-9999.0000,42.8584,36.3454,34.0320,33.2902,32.5084,7.65
-9999.0000,44.7854,36.2730,34.1774,33.2543,32.6138,7.75
-9999.0000,42.0215,36.3719,34.1274,33.3983,32.6406,7.85
-9999.0000,41.4544,36.3817,34.1564,33.3940,32.6516,7.95
-9999.0000,43.1862,36.4734,34.1344,33.4431,32.7073,8.05
-9999.0000,47.1610,36.3419,34.2212,33.4333,32.7072,8.15
-9999.0000,43.4475,36.4381,34.3228,33.4399,32.8071,8.25
-9999.0000,42.0030,36.5465,34.2169,33.5082,32.8997,8.35
-9999.0000,-9999.0000,36.4862,34.2529,33.5931,32.8753,8.45
-9999.0000,41.8520,36.6306,34.2983,33.5975,32.9599,8.55
-9999.0000,42.1062,36.6626,34.3794,33.5866,32.9776,8.65
-9999.0000,43.1912,36.4499,34.4405,33.6602,33.1295,8.75
-9999.0000,44.7539,36.5680,34.4023,33.7169,33.0768,8.85
-9999.0000,-9999.0000,36.7902,34.5676,33.7699,33.0806,8.95
