u,g,r,i,z,y,time
28.9945,27.3638,25.8008,25.7216,25.6099,25.5972,0.05
29.2236,27.5421,25.4216,25.1493,25.0496,25.0411,0.15
29.5479,27.8196,25.4411,24.9703,24.7805,24.7400,0.25
29.8710,28.1043,25.6394,25.0144,24.6514,24.5416,0.35
30.1807,28.4404,25.9018,25.1460,24.6062,24.4042,0.45
30.6575,28.7776,26.2210,25.3631,24.6450,24.3386,0.55
31.1110,29.0722,26.5411,25.6183,24.7368,24.3606,0.65
31.6456,29.4954,26.8392,25.8615,24.9007,24.4129,0.75
32.0273,29.8343,27.0963,26.0672,25.1172,24.5320,0.85
32.5339,30.1129,27.3408,26.2717,25.3428,24.6985,0.95
32.9345,30.4096,27.5957,26.4275,25.5395,24.8704,1.05
33.4486,30.6349,27.8294,26.5983,25.7070,25.0321,1.15
33.6310,30.8736,28.0254,26.7529,25.8689,25.1657,1.25
34.1740,31.0282,28.2046,26.8720,25.9969,25.2984,1.35
34.1645,31.2609,28.3993,27.0207,26.0983,25.3952,1.45
34.1173,31.4114,28.5495,27.1312,26.2081,25.4837,1.55
34.5078,31.4976,28.6669,27.2375,26.3168,25.5993,1.65
35.1993,31.5866,28.8035,27.2974,26.4015,25.6604,1.75
35.3333,31.8701,28.8959,27.3824,26.4945,25.7385,1.85
35.5503,31.7422,28.9747,27.4592,26.5684,25.8471,1.95
36.2908,31.8850,29.0257,27.5323,26.6380,25.9027,2.05
35.7272,31.8752,29.0830,27.5855,26.6954,25.9743,2.15
35.6297,31.9486,29.2275,27.6691,26.7580,26.0454,2.25
35.7482,32.0252,29.2417,27.7143,26.8490,26.1179,2.35
35.4696,32.1092,29.3550,27.7471,26.9012,26.2036,2.45
36.6413,32.1648,29.4260,27.8403,26.9383,26.2389,2.55
36.5160,32.2350,29.4296,27.8917,26.9990,26.3097,2.65
37.7409,32.3740,29.4451,27.9491,27.0492,26.3873,2.75
37.2169,32.4605,29.6116,27.9601,27.1227,26.4479,2.85
37.3438,32.5347,29.5987,28.0218,27.1413,26.4879,2.95
36.5273,32.5498,29.6718,28.0973,27.2004,26.5640,3.05
37.2753,32.6950,29.7149,28.1084,27.2387,26.6087,3.15
37.4294,32.5630,29.8297,28.1578,27.2823,26.7014,3.25
37.4480,32.7869,29.8204,28.2294,27.3284,26.7378,3.35
37.5959,32.8786,29.8147,28.2480,27.3662,26.7905,3.45
37.5435,32.9008,29.9140,28.2913,27.3874,26.8220,3.55
37.7908,32.8633,29.9516,28.3439,27.4477,26.8798,3.65
36.4550,33.1395,30.0097,28.4098,27.4724,26.9120,3.75
37.5337,32.9187,30.1288,28.4013,27.5051,26.9894,3.85
37.5409,33.1622,30.1101,28.4634,27.5469,27.0293,3.95
-9999.0000,33.2542,30.1329,28.5091,27.6065,27.0717,4.05
38.4532,33.2781,30.1973,28.5662,27.6644,27.1344,4.15
44.4085,33.5653,30.2776,28.6330,27.6610,27.1335,4.25
-9999.0000,33.3122,30.3257,28.6797,27.7051,27.1754,4.35
44.5025,33.4985,30.4375,28.6836,27.7415,27.2402,4.45
37.5587,33.5433,30.3915,28.7430,27.7928,27.2554,4.55
37.7306,33.7342,30.5139,28.7594,27.8030,27.2844,4.65
37.3765,33.5260,30.5091,28.8416,27.8606,27.3503,4.75
38.0070,33.8524,30.5657,28.8362,27.9162,27.3719,4.85
37.7025,33.7593,30.5301,28.8804,27.9338,27.3941,4.95
-9999.0000,33.9182,30.6461,28.8953,27.9773,27.4543,5.05
-9999.0000,33.7946,30.6399,28.9742,27.9784,27.5123,5.15
-9999.0000,34.3209,30.7178,29.0535,28.0463,27.5174,5.25
37.8326,34.0082,30.8064,29.0999,28.0562,27.5783,5.35
-9999.0000,34.1382,30.8169,29.0980,28.1358,27.6022,5.45
39.7471,34.1315,30.8872,29.1055,28.1589,27.6407,5.55
-9999.0000,34.0872,30.9132,29.1861,28.1593,27.7043,5.65
-9999.0000,34.1294,31.0644,29.2607,28.2455,27.7556,5.75
40.2500,34.1987,31.0385,29.2859,28.2508,27.7657,5.85
-9999.0000,34.3966,31.1081,29.3454,28.3323,27.7906,5.95
-9999.0000,34.2710,31.1442,29.3748,28.3714,27.8054,6.05
-9999.0000,34.5179,31.1221,29.4443,28.3910,27.8394,6.15
-9999.0000,34.4036,31.2103,29.4124,28.4190,27.8771,6.25
-9999.0000,34.5771,31.2059,29.5291,28.4671,27.9242,6.35
-9999.0000,34.5995,31.2724,29.4963,28.5308,27.9585,6.45
-9999.0000,34.5756,31.3646,29.6023,28.5458,28.0133,6.55
-9999.0000,34.6377,31.3653,29.6855,28.5795,28.0473,6.65
-9999.0000,34.4931,31.4296,29.7097,28.6665,28.0963,6.75
-9999.0000,34.6295,31.4478,29.7673,28.6680,28.1003,6.85
-9999.0000,34.6786,31.5486,29.7933,28.6946,28.1618,6.95
-9999.0000,34.9957,31.6051,29.8149,28.7932,28.1891,7.05
-9999.0000,34.8396,31.5685,29.8493,28.8115,28.2222,7.15
-9999.0000,34.9142,31.6115,29.8737,28.8294,28.2978,7.25
-9999.0000,34.6681,31.5074,29.9551,28.8632,28.3023,7.35
-9999.0000,35.2478,31.6711,29.9857,28.8769,28.3568,7.45
-9999.0000,35.0512,31.8332,30.0696,29.0074,28.4190,7.55
-9999.0000,34.9368,31.8450,30.0722,29.0220,28.4636,7.65
-9999.0000,35.0537,31.8404,30.2359,29.0787,28.4739,7.75
-9999.0000,35.0840,31.8999,30.1403,29.1061,28.5390,7.85
-9999.0000,35.1118,31.9068,30.2872,29.1858,28.5474,7.95
-9999.0000,35.0218,31.9712,30.2716,29.1914,28.5919,8.05
-9999.0000,35.0728,31.8371,30.3046,29.2396,28.6278,8.15
-9999.0000,35.0768,31.8935,30.2863,29.2705,28.6734,8.25
-9999.0000,35.6332,31.9927,30.3661,29.3454,28.7032,8.35
-9999.0000,35.2411,32.0226,30.4210,29.3605,28.7580,8.45
-9999.0000,35.5713,32.1014,30.5641,29.3673,28.7897,8.55
-9999.0000,35.0889,32.0236,30.4824,29.4401,28.8652,8.65
-9999.0000,35.6592,32.1550,30.6346,29.5021,28.8514,8.75
-9999.0000,35.2564,32.1299,30.6056,29.5111,28.9180,8.85
-9999.0000,35.4140,32.1510,30.6787,29.5608,28.9995,8.95
