u,g,r,i,z,y,time
28.1734,26.0839,24.8264,24.5376,24.5194,24.6581,0.05
28.7719,26.2952,24.7169,24.1177,24.0348,24.1260,0.15
29.3281,26.5377,24.8931,23.9790,23.7577,23.8321,0.25
29.8876,26.8275,25.1757,23.9868,23.6018,23.6421,0.35
29.9516,27.0743,25.4476,24.1342,23.6010,23.5489,0.45
30.3358,27.3512,25.6908,24.3378,23.6827,23.5163,0.55
30.5947,27.6168,25.8574,24.5631,23.8488,23.5568,0.65
30.6876,27.8640,26.0583,24.7815,24.0372,23.6605,0.75
30.9348,28.0742,26.2075,24.9632,24.2082,23.8057,0.85
31.3700,28.2599,26.3770,25.1422,24.3459,23.9487,0.95
31.2080,28.5386,26.5274,25.2729,24.4694,24.0768,1.05
31.2520,28.6871,26.6508,25.4079,24.5710,24.1832,1.15
31.3252,28.8256,26.7782,25.5277,24.6725,24.2862,1.25
31.7609,28.9379,26.8545,25.6398,24.7867,24.3756,1.35
31.6028,29.0865,26.9737,25.7612,24.8783,24.4634,1.45
32.1733,29.2124,27.0779,25.8446,24.9632,24.5415,1.55
32.1644,29.3249,27.1618,25.9396,25.0570,24.6135,1.65
32.3045,29.3664,27.2607,26.0168,25.1711,24.7111,1.75
32.4631,29.5292,27.3255,26.0898,25.2549,24.7790,1.85
32.4521,29.5939,27.4260,26.1851,25.3025,24.8624,1.95
32.7469,29.7383,27.4807,26.2430,25.4442,24.9443,2.05
32.9115,29.7604,27.5518,26.3249,25.4997,25.0253,2.15
33.1822,29.8741,27.6604,26.4014,25.5951,25.0928,2.25
33.3838,30.0102,27.6920,26.4413,25.6538,25.1870,2.35
33.4892,30.1293,27.7809,26.5110,25.7500,25.2823,2.45
33.9742,30.1378,27.8629,26.5924,25.8125,25.3347,2.55
34.8006,30.1848,27.9152,26.6210,25.9059,25.4293,2.65
34.6612,30.2716,27.9574,26.7109,25.9781,25.5030,2.75
34.2157,30.4264,28.0453,26.7489,26.0286,25.5770,2.85
34.2675,30.4297,28.1110,26.8138,26.0921,25.6652,2.95
34.4012,30.4773,28.1805,26.8733,26.1828,25.7242,3.05
34.4155,30.6381,28.2698,26.9392,26.2339,25.8149,3.15
34.3253,30.6771,28.3147,26.9704,26.3184,25.8402,3.25
34.4244,30.7305,28.4106,27.0625,26.3064,25.9366,3.35
34.3489,30.7860,28.3968,27.1015,26.4042,25.9918,3.45
35.1358,30.9441,28.4603,27.1640,26.4965,26.0550,3.55
34.6196,30.9749,28.5818,27.2182,26.5309,26.1429,3.65
34.2974,31.0912,28.6214,27.2476,26.5618,26.1831,3.75
34.4214,31.1055,28.7117,27.3040,26.6255,26.2621,3.85
34.9072,31.2140,28.7525,27.3908,26.6682,26.3051,3.95
34.7722,31.2317,28.8494,27.4503,26.7326,26.3693,4.05
34.9883,31.4839,28.9616,27.4851,26.8375,26.4317,4.15
34.4891,31.4290,28.9524,27.5470,26.8483,26.4821,4.25
35.2037,31.5969,29.0203,27.5979,26.9081,26.5278,4.35
34.9830,31.6165,29.1170,27.6560,26.9438,26.5662,4.45
35.4016,31.6418,29.1757,27.7016,27.0007,26.6139,4.55
35.2039,31.8486,29.2628,27.7818,27.0552,26.6903,4.65
35.1952,31.7762,29.3483,27.8195,27.0953,26.7325,4.75
35.4952,31.8407,29.3542,27.8944,27.1639,26.7777,4.85
35.8769,31.8467,29.4720,27.9307,27.2179,26.8483,4.95
36.0100,32.0136,29.5491,28.0141,27.2579,26.8494,5.05
37.3396,32.1442,29.6284,28.0823,27.3041,26.9282,5.15
36.9526,31.9945,29.5975,28.1340,27.3478,26.9501,5.25
37.8577,32.1738,29.7203,28.1869,27.3790,27.0296,5.35
36.2895,32.2402,29.8048,28.2716,27.4447,27.0812,5.45
36.4126,32.1762,29.8368,28.3076,27.5194,27.0908,5.55
41.5544,32.1386,29.9194,28.3168,27.5711,27.1811,5.65
36.1532,32.2320,29.9451,28.3932,27.6320,27.1733,5.75
36.2289,32.5610,29.9815,28.4391,27.6557,27.3018,5.85
37.6303,32.4373,30.0773,28.5125,27.6629,27.3070,5.95
37.9191,32.3997,30.1371,28.5621,27.7738,27.3729,6.05
36.7295,32.3424,30.1740,28.7018,27.8499,27.4167,6.15
37.0994,32.3886,30.2293,28.7091,27.9165,27.4597,6.25
36.2975,32.5438,30.2200,28.7516,27.9490,27.5490,6.35
36.7659,32.5133,30.2940,28.8455,27.9822,27.5201,6.45
36.8473,32.4456,30.3905,28.8879,28.0710,27.5902,6.55
39.8864,32.5437,30.4709,28.9945,28.0747,27.6586,6.65
39.0117,32.5206,30.4887,28.9880,28.1439,27.7130,6.75
37.8295,32.6229,30.5229,29.0557,28.1665,27.7634,6.85
37.5277,32.7467,30.5966,29.1057,28.2275,27.7815,6.95
38.0722,32.4807,30.6675,29.1440,28.2953,27.8867,7.05
37.1328,32.7037,30.6543,29.2526,28.3613,27.9108,7.15
37.8550,32.9172,30.7060,29.3008,28.3904,27.9346,7.25
39.0469,32.7450,30.7800,29.3036,28.4488,27.9550,7.35
37.1726,32.8574,30.7349,29.3188,28.5222,28.0752,7.45
38.0825,32.9964,30.8410,29.4419,28.5343,28.0423,7.55
39.0225,33.3949,30.9151,29.4734,28.5751,28.1077,7.65
37.4080,33.0377,30.9204,29.6302,28.6688,28.2161,7.75
37.4170,33.2062,30.8810,29.6257,28.7043,28.2249,7.85
38.1165,33.0754,31.0270,29.7014,28.7332,28.2857,7.95
37.2066,33.0034,31.0477,29.7303,28.8124,28.3485,8.05
36.8265,33.1097,31.1680,29.8094,28.9174,28.3763,8.15
36.8752,33.1068,31.1097,29.7419,28.9131,28.4617,8.25
37.5536,33.2837,31.1475,29.9370,28.9475,28.4979,8.35
36.9742,33.1435,31.0934,29.8990,29.0254,28.5136,8.45
37.1615,33.3831,31.1853,29.9786,29.0774,28.6009,8.55
38.2972,33.1723,31.2510,29.9883,29.1441,28.6309,8.65
39.1430,33.3206,31.1608,30.0735,29.1944,28.6782,8.75
38.2857,33.2981,31.2131,30.1545,29.2524,28.6988,8.85
39.7892,33.3699,31.3617,30.2387,29.3136,28.7796,8.95
