u,g,r,i,z,y,time
20.0892,20.0368,20.4018,20.9493,21.4709,22.0012,0.05
19.8507,19.7481,20.1712,20.8932,21.5923,22.2691,0.15
20.7480,19.8019,20.3226,20.9701,21.8218,22.6361,0.25
21.9189,20.1908,20.5424,21.3363,22.0767,22.8017,0.35
22.8492,20.8159,20.3280,21.3794,21.8232,22.4601,0.45
23.5679,21.2740,20.1484,20.8161,21.2663,21.7559,0.55
24.1390,21.5734,20.1882,20.3820,20.8813,21.1778,0.65
24.6162,21.8074,20.3469,20.2439,20.7400,20.7939,0.75
24.9426,22.0341,20.5189,20.3061,20.7891,20.6235,0.85
25.2303,22.1947,20.6641,20.4878,20.9360,20.6464,0.95
25.4476,22.3180,20.7991,20.7075,21.1920,20.8133,1.05
25.6791,22.4144,20.9070,20.9719,21.5255,21.0814,1.15
25.7631,22.4797,20.9919,21.2260,21.9091,21.3893,1.25
25.8628,22.5493,21.0608,21.4874,22.2896,21.7252,1.35
25.8536,22.6120,21.1211,21.7159,22.6643,22.0707,1.45
25.9488,22.6556,21.1615,21.9040,22.9988,22.3835,1.55
25.9603,22.6968,21.2102,22.0694,23.3212,22.7075,1.65
26.0387,22.7435,21.2545,22.2148,23.5736,23.0104,1.75
26.0982,22.7916,21.3093,22.3601,23.8686,23.2388,1.85
26.0681,22.8217,21.3452,22.4713,24.1461,23.5158,1.95
26.2012,22.8705,21.3883,22.5790,24.3786,23.7286,2.05
26.1817,22.9158,21.4308,22.6862,24.6327,24.0189,2.15
26.1714,22.9444,21.4759,22.7851,24.8077,24.2282,2.25
26.2620,22.9932,21.5298,22.8660,25.0382,24.4779,2.35
26.2004,23.0448,21.5614,22.9526,25.2796,24.6424,2.45
26.3072,23.0884,21.6030,23.0381,25.4581,24.8722,2.55
26.2357,23.1180,21.6596,23.1312,25.6944,25.0765,2.65
26.3240,23.1518,21.6991,23.2076,25.8170,25.2742,2.75
26.3277,23.2110,21.7537,23.2852,26.0373,25.6037,2.85
26.3747,23.2293,21.7938,23.3818,26.1598,25.6683,2.95
26.3409,23.2688,21.8388,23.4613,26.3530,25.9292,3.05
26.3869,23.3093,21.8857,23.5326,26.4894,26.0535,3.15
26.3480,23.3493,21.9310,23.6081,26.6546,26.2637,3.25
26.3363,23.3777,21.9739,23.6918,26.7661,26.5367,3.35
26.4356,23.3954,22.0267,23.7440,27.0253,26.7640,3.45
26.4350,23.4388,22.0714,23.8890,26.9876,26.8134,3.55
26.4209,23.4740,22.1300,23.9454,27.0441,27.0057,3.65
26.4435,23.5004,22.1687,24.0003,27.5213,27.2476,3.75
26.4834,23.5252,22.2167,24.0597,27.4187,27.2618,3.85
26.5358,23.5636,22.2760,24.2137,27.4639,27.4557,3.95
26.5138,23.5826,22.3103,24.2633,27.7154,27.4556,4.05
26.5173,23.6037,22.3669,24.2875,27.7000,27.7361,4.15
26.5003,23.6474,22.4118,24.3810,27.7397,27.8095,4.25
26.5586,23.6848,22.4398,24.4818,27.9599,27.8505,4.35
26.5910,23.6998,22.4900,24.5349,27.9596,28.0159,4.45
26.5630,23.7292,22.5386,24.5782,28.0296,28.0662,4.55
26.5998,23.7683,22.5897,24.6200,28.1177,28.2949,4.65
26.5962,23.7816,22.6411,24.6817,28.4496,28.5649,4.75
26.5650,23.8130,22.6805,24.8113,28.0916,28.6017,4.85
26.6313,23.8393,22.7209,24.8349,28.3739,29.0738,4.95
26.6411,23.8655,22.7781,24.8819,28.1477,28.7032,5.05
26.6917,23.8954,22.8196,24.9473,28.2647,28.9939,5.15
26.6349,23.9425,22.8522,24.9865,28.5610,28.9373,5.25
26.6608,23.9729,22.8892,25.1269,28.3237,29.3019,5.35
26.7174,24.0040,22.9465,25.1476,28.7051,29.3984,5.45
26.7741,24.0061,23.0100,25.1947,28.6630,29.2401,5.55
26.7030,24.0468,23.0429,25.2474,28.7580,29.7995,5.65
26.7689,24.0922,23.0820,25.2880,28.9251,29.0159,5.75
26.7673,24.0856,23.1192,25.4112,28.7872,29.6526,5.85
26.7467,24.1232,23.1508,25.4459,29.0734,29.4992,5.95
26.7064,24.1679,23.2049,25.4698,28.8016,29.6682,6.05
26.7924,24.1780,23.2562,25.4739,28.6992,29.9024,6.15
26.7781,24.2098,23.2874,25.5503,28.9812,29.9780,6.25
26.7853,24.2483,23.3342,25.6020,28.8847,30.0359,6.35
26.8685,24.2676,23.3608,25.6613,28.8813,30.3480,6.45
26.8242,24.2963,23.3984,25.7002,29.0225,30.0496,6.55
26.8612,24.3113,23.4397,25.7132,29.1458,30.1406,6.65
26.8626,24.3420,23.4861,25.7506,29.1385,29.7141,6.75
26.9225,24.3787,23.5337,25.8464,29.1621,30.7899,6.85
26.9026,24.4194,23.5590,25.8576,28.9318,30.0016,6.95
26.9748,24.4387,23.6090,25.9674,29.5030,30.5233,7.05
26.9058,24.4580,23.6240,25.9779,29.3041,30.5322,7.15
26.9578,24.4837,23.6816,26.0489,29.0494,30.7509,7.25
26.9188,24.5086,23.7199,26.0379,29.2887,30.5330,7.35
27.0055,24.5450,23.7779,26.0339,29.5934,31.6428,7.45
26.9370,24.5885,23.7880,26.0638,29.1407,30.6508,7.55
27.0215,24.5974,23.8281,26.1290,29.3076,30.1295,7.65
27.0517,24.6100,23.8758,26.1885,29.3373,30.4170,7.75
27.0557,24.6480,23.9127,26.2246,28.9565,31.8572,7.85
27.0545,24.6713,23.9366,26.3612,29.5811,30.7563,7.95
27.0131,24.7026,23.9982,26.3001,29.1616,30.4932,8.05
27.0415,24.7152,24.0137,26.3404,29.4089,31.0840,8.15
27.0820,24.7410,24.0599,26.3001,29.7847,31.0657,8.25
27.1231,24.7662,24.0748,26.3661,29.5942,30.9611,8.35
27.0950,24.8033,24.1210,26.3836,29.6155,31.3225,8.45
27.1476,24.8210,24.1613,26.4557,29.5210,31.9006,8.55
27.0696,24.8394,24.1854,26.5761,29.5332,31.1810,8.65
27.0752,24.8832,24.2372,26.5830,29.7107,32.5033,8.75
27.1239,24.8966,24.2653,26.6064,29.5824,31.4022,8.85
27.1406,24.9206,24.2973,26.5291,29.5879,31.5786,8.95
