u,g,r,i,z,y,time
27.1329,26.9109,27.0520,27.2941,27.5109,27.7129,0.05
26.3394,26.0168,26.2171,26.5203,26.8494,27.0220,0.15
25.9249,25.5100,25.7090,26.0112,26.4524,26.6033,0.25
25.6838,25.1968,25.3924,25.6768,26.0875,26.2641,0.35
25.6059,24.9992,25.1414,25.4307,25.8665,26.0007,0.45
25.5828,24.8510,24.9455,25.1990,25.6649,25.7877,0.55
25.6081,24.7657,24.8097,25.0641,25.4874,25.6128,0.65
25.6754,24.6902,24.6747,24.9063,25.3283,25.4349,0.75
25.7457,24.6348,24.5750,24.7968,25.2095,25.3300,0.85
25.9241,24.6250,24.5024,24.7143,25.1237,25.2122,0.95
26.0825,24.6348,24.4503,24.6259,25.0016,25.1380,1.05
26.2869,24.6354,24.3853,24.5711,24.9123,25.0360,1.15
26.4893,24.6510,24.3238,24.5054,24.8425,24.9527,1.25
26.7480,24.6710,24.2583,24.4416,24.7580,24.8942,1.35
26.9280,24.7451,24.2688,24.4488,24.7237,24.8465,1.45
27.1240,24.7921,24.2376,24.3869,24.6787,24.7626,1.55
27.4163,24.8710,24.1994,24.3265,24.5972,24.7157,1.65
27.4342,24.9451,24.2230,24.3592,24.5878,24.7076,1.75
27.6668,25.0495,24.1815,24.2530,24.5313,24.6415,1.85
27.6773,25.1360,24.2328,24.2754,24.5267,24.6694,1.95
27.8742,25.2757,24.2111,24.1958,24.4590,24.6245,2.05
27.8654,25.3456,24.2327,24.2115,24.4825,24.6030,2.15
28.1616,25.5478,24.2852,24.1325,24.4194,24.5640,2.25
28.1065,25.6059,24.3157,24.1294,24.4560,24.5640,2.35
28.3275,25.8005,24.3885,24.1167,24.4213,24.5453,2.45
28.3727,25.8919,24.4665,24.0896,24.4106,24.5417,2.55
28.4984,25.9709,24.4952,24.0723,24.4045,24.5270,2.65
28.7752,26.1990,24.6445,24.0502,24.3839,24.5085,2.75
28.7134,26.2161,24.6973,24.0626,24.4085,24.5195,2.85
28.9527,26.4167,24.7942,24.0546,24.3617,24.4869,2.95
29.0623,26.5817,24.9533,24.0724,24.3588,24.4776,3.05
29.1049,26.6007,25.0095,24.1033,24.3882,24.5144,3.15
29.3423,26.8032,25.1030,24.1103,24.3409,24.4816,3.25
29.5015,27.0095,25.2693,24.1496,24.3467,24.4849,3.35
29.5450,27.0282,25.3669,24.2065,24.3609,24.4968,3.45
29.7607,27.1157,25.3990,24.2263,24.3309,24.4781,3.55
29.8424,27.3873,25.5465,24.2876,24.3028,24.4291,3.65
30.0397,27.4775,25.6834,24.3808,24.3138,24.4507,3.75
30.1206,27.4664,25.7021,24.4074,24.3074,24.4678,3.85
30.3415,27.6347,25.7858,24.4714,24.2811,24.4301,3.95
30.4960,27.8501,25.9248,24.5509,24.2773,24.4297,4.05
30.7982,27.9102,26.0241,24.6554,24.3415,24.4218,4.15
30.9205,27.9164,26.0664,24.7106,24.3570,24.4301,4.25
31.2065,28.0646,26.1093,24.7644,24.3430,24.4138,4.35
31.2486,28.2740,26.2559,24.8150,24.3575,24.4122,4.45
31.3366,28.3534,26.3593,24.9473,24.4069,24.4234,4.55
31.5519,28.3511,26.4063,25.0460,24.5100,24.4532,4.65
31.7760,28.4677,26.4324,25.0822,24.5351,24.4647,4.75
31.8618,28.6831,26.5481,25.1239,24.5641,24.4453,4.85
32.2440,28.8399,26.6688,25.2150,24.5871,24.4485,4.95
32.0321,28.9005,26.7519,25.3572,24.6605,24.4672,5.05
32.0501,28.9108,26.7958,25.4305,24.7329,24.5244,5.15
32.4399,28.9666,26.8298,25.4598,24.7657,24.5795,5.25
33.2097,29.1467,26.8952,25.5108,24.7740,24.5275,5.35
32.6089,29.2762,27.0035,25.5500,24.7963,24.5443,5.45
32.8162,29.2917,27.1054,25.6070,24.8365,24.5905,5.55
33.1678,29.4179,27.0939,25.6660,24.9287,24.6124,5.65
32.8226,29.4804,27.1278,25.7207,24.9556,24.6598,5.75
32.9138,29.6064,27.1858,25.7545,24.9582,24.6939,5.85
33.4965,29.6689,27.2699,25.7731,24.9822,24.7014,5.95
33.2307,29.7453,27.3204,25.8146,25.0251,24.7369,6.05
33.7488,29.9094,27.3965,25.8474,25.0332,24.7628,6.15
34.2946,29.8078,27.3656,25.8876,25.1309,24.8215,6.25
33.3048,29.8278,27.4283,25.9087,25.1361,24.8725,6.35
34.6793,30.0836,27.4920,25.9552,25.1583,24.8634,6.45
34.2663,30.1300,27.5172,25.9819,25.1672,24.8987,6.55
33.8842,30.2611,27.5678,26.0034,25.1816,24.9495,6.65
34.3722,30.2132,27.6381,26.0497,25.2273,24.9891,6.75
34.1652,30.2866,27.6101,26.1090,25.2750,25.0310,6.85
34.2208,30.3701,27.6321,26.1272,25.2616,25.0641,6.95
34.4633,30.3424,27.6848,26.1351,25.3091,25.0869,7.05
33.9835,30.4437,27.7201,26.1670,25.3302,25.1671,7.15
34.9545,30.5170,27.7951,26.1577,25.3689,25.1555,7.25
35.5394,30.7007,27.7925,26.1913,25.4031,25.2019,7.35
35.1497,30.5560,27.8804,26.2437,25.4279,25.2709,7.45
34.7065,30.6245,27.8570,26.3185,25.4470,25.3061,7.55
35.0068,30.6273,27.8633,26.2986,25.4597,25.3157,7.65
36.9807,30.7991,27.8473,26.2761,25.4677,25.3520,7.75
35.1542,30.8104,27.9186,26.3276,25.5059,25.3914,7.85
34.9818,30.8233,27.9425,26.3367,25.5362,25.3925,7.95
36.2248,30.8373,28.0096,26.3537,25.5610,25.4499,8.05
36.1821,30.9328,28.0616,26.3898,25.5817,25.5416,8.15
35.1433,30.9022,28.1150,26.4376,25.6432,25.5855,8.25
35.4786,30.9699,28.0987,26.4234,25.6091,25.6281,8.35
35.1667,30.9863,28.0729,26.5085,25.6288,25.6715,8.45
35.8469,31.0374,28.1022,26.4546,25.6294,25.6645,8.55
36.3399,31.0577,28.1657,26.4675,25.6667,25.7000,8.65
35.6805,31.1182,28.1134,26.5384,25.6876,25.7502,8.75
35.4466,31.2261,28.1836,26.4972,25.7312,25.7765,8.85
35.7210,31.1885,28.1878,26.5337,25.7730,25.8462,8.95
