u,g,r,i,z,y,time
27.7166,24.8337,24.4683,24.7628,25.0655,25.3814,0.05
27.8342,24.8844,24.0668,24.3395,24.6424,24.9621,0.15
27.9545,25.3797,23.9660,24.1591,24.4344,24.7512,0.25
28.1950,25.9642,24.0770,24.1198,24.4059,24.6843,0.35
28.4058,26.3399,24.3246,24.1095,24.4179,24.6732,0.45
28.6422,26.5841,24.5732,24.1178,24.3747,24.6136,0.55
28.9098,26.7622,24.7928,24.1649,24.3164,24.5115,0.65
28.9800,26.9509,24.9799,24.2514,24.2825,24.4345,0.75
29.1928,27.1175,25.1343,24.3551,24.2838,24.4139,0.85
29.3331,27.2472,25.2790,24.4978,24.3320,24.4223,0.95
29.4950,27.3473,25.4042,24.6287,24.4136,24.4538,1.05
29.5605,27.4502,25.5240,24.7538,24.5082,24.5141,1.15
29.6574,27.5416,25.6353,24.8701,24.6256,24.5941,1.25
29.7927,27.6239,25.7320,24.9745,24.7439,24.6750,1.35
29.7967,27.6826,25.8177,25.0676,24.8657,24.7820,1.45
30.0395,27.7485,25.9002,25.1540,24.9681,24.8999,1.55
29.9660,27.8005,25.9783,25.2367,25.0723,25.0166,1.65
30.0488,27.8702,26.0559,25.3091,25.1565,25.1274,1.75
30.1164,27.9348,26.1485,25.3870,25.2324,25.2339,1.85
30.1324,27.9950,26.2065,25.4548,25.3166,25.3265,1.95
30.1371,28.0365,26.2623,25.5011,25.3843,25.4224,2.05
30.2484,28.0853,26.3467,25.5671,25.4585,25.5063,2.15
30.3002,28.1435,26.4040,25.6501,25.5101,25.5795,2.25
30.3750,28.1716,26.4625,25.7004,25.5577,25.6507,2.35
30.3771,28.2152,26.5256,25.7606,25.6243,25.7210,2.45
30.3565,28.2832,26.5668,25.8150,25.6923,25.7762,2.55
30.4983,28.3328,26.6470,25.8740,25.7560,25.8495,2.65
30.5473,28.3580,26.7035,25.9204,25.7889,25.9006,2.75
30.6143,28.3963,26.7573,25.9881,25.8482,25.9611,2.85
30.5517,28.4523,26.8316,26.0328,25.8992,26.0224,2.95
30.6152,28.5150,26.8677,26.1002,25.9562,26.0841,3.05
30.6742,28.4948,26.9118,26.1477,25.9671,26.1193,3.15
30.6839,28.5542,26.9538,26.1772,26.0545,26.1789,3.25
30.7311,28.6293,27.0096,26.2456,26.0769,26.2436,3.35
30.7869,28.6719,27.0432,26.2877,26.1372,26.2765,3.45
30.7948,28.6799,27.1050,26.3567,26.2032,26.3331,3.55
30.9354,28.7474,27.1445,26.4067,26.2294,26.4007,3.65
30.8659,28.7734,27.1704,26.4370,26.2918,26.4231,3.75
30.9870,28.8300,27.2153,26.4812,26.3176,26.4959,3.85
30.9796,28.8293,27.2638,26.5435,26.3665,26.5221,3.95
31.0216,28.9107,27.3189,26.5791,26.4135,26.5861,4.05
31.0090,28.9249,27.3337,26.6338,26.4500,26.6449,4.15
31.1658,28.9773,27.3960,26.6939,26.5046,26.6931,4.25
31.1758,29.0741,27.4253,26.7091,26.5563,26.7168,4.35
31.1809,29.0530,27.4872,26.7522,26.5894,26.7885,4.45
31.2638,29.0848,27.5156,26.8072,26.6144,26.8200,4.55
31.2119,29.1521,27.5584,26.8533,26.6868,26.8899,4.65
31.2993,29.1917,27.5900,26.8776,26.7062,26.9123,4.75
31.3204,29.2201,27.6152,26.9220,26.7528,26.9429,4.85
31.3895,29.2772,27.6519,26.9788,26.7905,26.9751,4.95
31.3996,29.2886,27.6910,27.0231,26.8333,27.0357,5.05
31.4636,29.3575,27.7379,27.0424,26.8655,27.0546,5.15
31.5064,29.3810,27.7697,27.0784,26.9204,27.1092,5.25
31.4690,29.4555,27.7993,27.1268,26.9448,27.1741,5.35
31.5888,29.4604,27.8393,27.1461,27.0016,27.2176,5.45
31.5804,29.5228,27.8790,27.2065,27.0256,27.2594,5.55
31.5450,29.5570,27.9240,27.2509,27.0566,27.2860,5.65
31.5690,29.5834,27.9437,27.2741,27.1083,27.2966,5.75
31.6378,29.6230,27.9880,27.3081,27.1263,27.3479,5.85
31.7367,29.6806,28.0108,27.3517,27.2106,27.4020,5.95
31.8270,29.6848,28.0548,27.3839,27.2099,27.4483,6.05
31.7461,29.7219,28.0891,27.4275,27.2594,27.4839,6.15
31.7384,29.7648,28.1403,27.4420,27.2928,27.5541,6.25
31.9697,29.7895,28.1680,27.4875,27.3450,27.5352,6.35
31.8874,29.8426,28.1989,27.5142,27.3559,27.5775,6.45
31.9755,29.8896,28.2519,27.5589,27.3905,27.6670,6.55
32.0641,29.9232,28.2696,27.6024,27.4568,27.6666,6.65
32.0584,29.9678,28.3271,27.6234,27.4613,27.6696,6.75
32.0663,29.9881,28.3477,27.6894,27.5215,27.7677,6.85
32.0707,30.0455,28.4222,27.6958,27.5368,27.7650,6.95
32.3537,30.0835,28.4313,27.7512,27.6067,27.8051,7.05
32.2112,30.1324,28.4628,27.7638,27.6094,27.8385,7.15
32.3144,30.1352,28.4897,27.7833,27.6558,27.8404,7.25
32.2975,30.1819,28.5296,27.8304,27.6733,27.9165,7.35
32.3702,30.2484,28.5830,27.8684,27.7327,27.9563,7.45
32.3578,30.2696,28.6103,27.9041,27.7584,27.9776,7.55
32.3665,30.3361,28.6335,27.9333,27.7846,28.0228,7.65
32.4412,30.3195,28.6747,27.9628,27.8230,28.0560,7.75
32.5849,30.3495,28.7014,27.9929,27.8595,28.0597,7.85
32.5612,30.3987,28.7308,28.0245,27.8795,28.1130,7.95
32.6692,30.4366,28.7825,28.0546,27.9404,28.1814,8.05
32.7144,30.4574,28.8563,28.1054,27.9578,28.2112,8.15
32.7645,30.4828,28.8639,28.1237,27.9894,28.2129,8.25
32.9904,30.5474,28.9036,28.1533,28.0479,28.2149,8.35
32.7729,30.5791,28.9085,28.1934,28.0617,28.2921,8.45
32.9420,30.5902,28.9207,28.2224,28.0946,28.3116,8.55
33.0447,30.6614,28.9802,28.2465,28.1260,28.3230,8.65
33.0960,30.6967,28.9880,28.2951,28.1442,28.3652,8.75
33.1198,30.6836,29.0594,28.3010,28.1912,28.3894,8.85
33.2191,30.7812,29.1057,28.3956,28.2477,28.4796,8.95
