u,g,r,i,z,y,time
29.8897,29.5559,29.2612,29.2452,29.3528,29.5221,0.05
29.4181,28.9931,28.5086,28.6034,28.5697,28.6689,0.15
29.3456,28.6157,28.0655,28.2238,28.1751,28.1145,0.25
29.3376,28.5769,27.8830,27.9251,27.8397,27.7899,0.35
29.3810,28.4812,27.6761,27.5625,27.5883,27.4753,0.45
29.4630,28.4051,27.5263,27.4018,27.3130,27.2690,0.55
29.6587,28.5299,27.5483,27.3634,27.2375,27.1571,0.65
29.6245,28.4315,27.4200,27.1845,27.0644,26.9318,0.75
29.7749,28.4029,27.3802,27.0436,26.9359,26.8487,0.85
29.9777,28.4670,27.3365,26.9660,26.8063,26.7126,0.95
30.1609,28.4892,27.3780,26.8763,26.7130,26.6383,1.05
30.2308,28.5077,27.3452,26.7725,26.6370,26.4930,1.15
30.4261,28.5219,27.2967,26.6678,26.4993,26.3921,1.25
30.5005,28.5237,27.2848,26.6476,26.4233,26.3403,1.35
30.8345,28.7256,27.4498,26.6979,26.4223,26.2865,1.45
30.8216,28.7416,27.3639,26.5914,26.2852,26.1849,1.55
30.8840,28.6665,27.3394,26.5436,26.2592,26.1854,1.65
31.1170,28.9682,27.5827,26.6297,26.2374,26.1259,1.75
31.0991,28.7574,27.3587,26.4726,26.1199,26.0039,1.85
31.4824,29.0626,27.6278,26.6494,26.1979,26.0876,1.95
31.3064,28.9133,27.4524,26.4629,26.0249,25.9010,2.05
31.7661,29.2232,27.7159,26.6451,26.1260,25.9798,2.15
31.4976,29.0241,27.5482,26.4659,25.9860,25.8809,2.25
31.7974,29.3726,27.8601,26.6562,26.0422,25.9006,2.35
31.9150,29.2186,27.6781,26.6057,26.0330,25.8925,2.45
31.9083,29.3880,27.8187,26.5898,25.8961,25.7660,2.55
32.0630,29.4950,27.9358,26.7697,26.0604,25.9105,2.65
32.0083,29.3322,27.7367,26.5842,25.9055,25.7748,2.75
31.9841,29.7840,28.1063,26.8048,25.9622,25.7543,2.85
32.3319,29.6525,28.0261,26.8352,26.0403,25.8223,2.95
32.0661,29.6066,27.9047,26.6876,25.8973,25.7101,3.05
32.4113,29.9442,28.1779,26.9348,26.0031,25.7179,3.15
32.8041,29.8548,28.1719,26.9588,26.0828,25.8395,3.25
32.5303,29.7364,28.0060,26.7995,25.9492,25.7144,3.35
32.8285,30.0919,28.3400,27.0384,26.0362,25.6939,3.45
32.5765,30.1458,28.3735,27.1403,26.1713,25.8265,3.55
32.6281,29.9979,28.1386,26.9831,26.0862,25.7669,3.65
32.8426,30.1058,28.2781,27.0387,26.0468,25.6862,3.75
33.0157,30.3586,28.4881,27.2906,26.2298,25.7714,3.85
32.9451,30.2558,28.4334,27.2722,26.2709,25.8422,3.95
33.0688,30.1285,28.2840,27.1235,26.1694,25.7616,4.05
33.1060,30.2605,28.4780,27.2384,26.2400,25.7201,4.15
33.1919,30.4263,28.6313,27.4294,26.4442,25.8267,4.25
33.2151,30.3589,28.5186,27.4265,26.5043,25.9032,4.35
33.0742,30.3149,28.3876,27.3054,26.4043,25.8223,4.45
33.5586,30.3805,28.4492,27.3692,26.4737,25.7701,4.55
33.6260,30.5974,28.6634,27.6712,26.7272,25.8599,4.65
33.4243,30.5530,28.6766,27.6931,26.8252,25.9700,4.75
33.5793,30.5644,28.5200,27.5772,26.7560,25.9210,4.85
33.4325,30.4628,28.4567,27.4885,26.6759,25.8490,4.95
33.7807,30.7109,28.7108,27.7229,26.9345,25.8881,5.05
33.7637,30.7742,28.8499,27.9580,27.1979,25.9826,5.15
33.7057,30.8195,28.7994,27.9475,27.2376,26.0759,5.25
33.8655,30.7493,28.7154,27.9015,27.1358,26.0673,5.35
33.9924,30.7192,28.6796,27.7962,27.0997,25.9706,5.45
34.4078,30.9307,28.8421,27.9788,27.3747,26.0495,5.55
34.5084,31.1404,29.0584,28.2289,27.6290,26.1282,5.65
34.2939,31.1945,29.1040,28.2614,27.7019,26.2911,5.75
34.3053,31.2223,29.0371,28.2468,27.6589,26.2934,5.85
34.0633,31.1167,28.9013,28.1690,27.5625,26.2363,5.95
34.4574,31.1609,28.9346,28.2031,27.5862,26.1940,6.05
35.6735,31.4781,29.2056,28.4475,27.9065,26.3707,6.15
35.3340,31.7992,29.3951,28.6033,27.9593,26.4940,6.25
34.5475,31.6380,29.3977,28.6171,27.9994,26.5844,6.35
34.9074,31.6693,29.3423,28.5877,27.9905,26.5752,6.45
34.4489,31.5544,29.2897,28.5473,27.9635,26.4893,6.55
35.0291,31.6851,29.2844,28.5078,27.9146,26.4807,6.65
35.1128,31.9218,29.5136,28.7729,28.1571,26.7109,6.75
35.6266,32.3841,29.8102,29.0534,28.3269,26.9238,6.85
36.6568,32.4061,29.8803,29.0605,28.4596,27.0576,6.95
36.5276,32.4479,29.8444,29.0658,28.4408,27.0748,7.05
35.1982,32.2626,29.8311,29.0213,28.3503,26.9968,7.15
35.2121,32.0790,29.7258,28.9201,28.3089,26.9750,7.25
35.9290,32.2882,29.7590,28.9843,28.3862,26.9659,7.35
37.5241,32.8164,30.0885,29.2377,28.6340,27.2166,7.45
36.7793,32.9355,30.3537,29.4671,28.8375,27.4784,7.55
36.1438,33.5215,30.3592,29.5889,28.7934,27.5729,7.65
36.4736,33.4626,30.3982,29.5943,28.8732,27.5811,7.75
37.4901,33.4008,30.4587,29.5730,28.8129,27.5523,7.85
37.1905,33.1889,30.4532,29.5609,28.7335,27.5615,7.95
36.5497,33.0251,30.3604,29.4966,28.7272,27.4880,8.05
39.2494,33.4048,30.7054,29.6193,28.9923,27.6304,8.15
41.1662,33.8928,30.8551,29.9529,29.1806,27.8075,8.25
37.1592,33.9560,31.0021,30.1219,29.3187,27.9421,8.35
-9999.0000,33.9687,31.2392,30.1504,29.3379,28.0611,8.45
-9999.0000,34.1620,31.2398,30.2097,29.3249,28.0209,8.55
39.5006,34.1349,31.2450,30.2027,29.3474,28.0303,8.65
-9999.0000,34.1229,31.2391,30.0944,29.3609,27.9662,8.75
-9999.0000,33.7908,31.2192,30.1638,29.3636,28.0154,8.85
-9999.0000,34.5820,31.3359,30.3318,29.4590,28.1153,8.95
