u,g,r,i,z,y,time
34.4942,31.9527,29.5439,28.4377,27.7854,27.5014,0.05
35.1422,32.5893,30.0064,28.8547,28.0637,27.4936,0.15
36.0211,33.2336,30.6403,29.3575,28.6897,27.8956,0.25
36.8248,33.7832,31.2420,29.7937,29.0802,28.3484,0.35
37.9101,34.2417,31.7196,30.1822,29.4184,28.7034,0.45
38.2641,34.5543,32.0736,30.4889,29.6602,28.9760,0.55
38.3845,34.8234,32.3528,30.7424,29.8922,29.2250,0.65
39.8579,35.1248,32.5889,30.9496,30.0360,29.4178,0.75
40.8933,35.4121,32.7753,31.1743,30.2129,29.5813,0.85
42.4087,35.5983,32.9554,31.3522,30.3626,29.7518,0.95
41.1138,35.8985,33.1342,31.5083,30.5260,29.8867,1.05
41.3331,36.1919,33.2700,31.6558,30.6619,30.0174,1.15
41.1923,36.3307,33.3885,31.8191,30.7865,30.1333,1.25
44.3443,36.6509,33.5196,31.8920,30.8999,30.2434,1.35
41.3899,36.5392,33.7236,32.0728,31.0371,30.3862,1.45
41.6376,36.9314,33.8176,32.2043,31.1756,30.5166,1.55
-9999.0000,37.2301,33.9840,32.2883,31.2881,30.6102,1.65
42.6419,37.3188,34.1157,32.3902,31.4061,30.7366,1.75
-9999.0000,37.5618,34.2113,32.5201,31.5206,30.8166,1.85
-9999.0000,37.8713,34.3648,32.6878,31.6454,30.9367,1.95
42.2838,37.8762,34.4552,32.7260,31.7726,31.0138,2.05
-9999.0000,37.9768,34.5377,32.8460,31.8635,31.1494,2.15
-9999.0000,38.0856,34.7041,33.0064,31.9921,31.2377,2.25
-9999.0000,38.1348,34.8206,33.0623,32.0909,31.3664,2.35
-9999.0000,38.6625,34.9144,33.1976,32.1807,31.4673,2.45
-9999.0000,38.5488,35.1029,33.2361,32.2831,31.5787,2.55
48.7702,38.6927,35.1051,33.4293,32.3581,31.6884,2.65
-9999.0000,38.6721,35.2657,33.5017,32.4621,31.7551,2.75
-9999.0000,38.6227,35.3157,33.6037,32.6127,31.8707,2.85
-9999.0000,38.9033,35.3634,33.7538,32.7332,31.9754,2.95
-9999.0000,39.0043,35.4956,33.8078,32.8292,32.0679,3.05
-9999.0000,39.1739,35.4962,33.9245,32.9702,32.1867,3.15
-9999.0000,39.1456,35.5252,33.9974,33.0031,32.2802,3.25
-9999.0000,39.4940,35.6815,34.0396,33.1327,32.3613,3.35
-9999.0000,39.4157,35.7108,34.1576,33.2285,32.4754,3.45
-9999.0000,39.3526,35.7905,34.2408,33.3081,32.6014,3.55
-9999.0000,39.3720,35.7761,34.3099,33.4698,32.6762,3.65
-9999.0000,39.3737,35.9738,34.4273,33.5815,32.8032,3.75
-9999.0000,39.6884,35.9278,34.3960,33.5880,32.8831,3.85
-9999.0000,39.9054,35.9923,34.5385,33.7674,33.0047,3.95
-9999.0000,40.0545,35.9823,34.6530,33.8238,33.0841,4.05
-9999.0000,41.2779,36.2746,34.6448,33.8536,33.1812,4.15
-9999.0000,40.6247,36.2206,34.6902,33.9512,33.3111,4.25
-9999.0000,40.9518,36.2653,34.8538,34.0342,33.4002,4.35
-9999.0000,40.9309,36.3670,34.8314,34.0317,33.4840,4.45
-9999.0000,41.4447,36.2734,34.8851,34.1248,33.5259,4.55
-9999.0000,41.4284,36.5417,34.9546,34.2389,33.6351,4.65
-9999.0000,40.9225,36.5752,35.0446,34.2174,33.7238,4.75
-9999.0000,41.3241,36.6471,35.0630,34.3817,33.8410,4.85
-9999.0000,41.2817,36.6397,35.1176,34.3973,33.9155,4.95
-9999.0000,41.8358,36.6774,35.2420,34.4544,33.9036,5.05
-9999.0000,41.4132,36.7639,35.2828,34.4986,34.0552,5.15
-9999.0000,41.0908,36.7239,35.3789,34.5662,34.1122,5.25
-9999.0000,43.4377,36.7901,35.3633,34.6241,34.1555,5.35
-9999.0000,41.2654,36.6081,35.4089,34.6674,34.2804,5.45
-9999.0000,41.2009,36.7574,35.5703,34.7817,34.3233,5.55
-9999.0000,42.0208,36.5497,35.5320,34.8259,34.4131,5.65
-9999.0000,42.1069,36.5524,35.6711,34.8508,34.4605,5.75
-9999.0000,42.6896,36.4892,35.7088,34.9560,34.4851,5.85
-9999.0000,42.6785,36.6486,35.6991,35.0804,34.6292,5.95
-9999.0000,41.8218,36.6176,35.6449,35.0791,34.7049,6.05
-9999.0000,42.3044,36.5887,35.6334,35.0933,34.6875,6.15
-9999.0000,41.7508,36.6631,35.7073,35.2472,34.7414,6.25
-9999.0000,43.2280,36.6971,35.7471,35.1585,34.8758,6.35
-9999.0000,41.8966,36.7240,35.7670,35.2900,34.9249,6.45
-9999.0000,41.5898,36.9643,35.7531,35.2865,34.9089,6.55
-9999.0000,41.6844,36.9395,35.8018,35.4713,34.9687,6.65
-9999.0000,42.1412,37.0675,35.8452,35.4647,35.0152,6.75
-9999.0000,42.1501,37.0866,35.8406,35.4980,35.0523,6.85
-9999.0000,41.9326,37.0734,35.8976,35.6261,35.1489,6.95
-9999.0000,42.9876,37.2314,35.8709,35.5480,35.2020,7.05
-9999.0000,43.8271,37.1704,35.9905,35.6199,35.2799,7.15
-9999.0000,43.2312,37.1945,36.0157,35.7504,35.2930,7.25
-9999.0000,43.3598,37.2634,36.1183,35.7152,35.3781,7.35
-9999.0000,42.5115,37.2619,36.0867,35.7246,35.4068,7.45
-9999.0000,43.4858,37.4424,36.2237,35.7688,35.4780,7.55
-9999.0000,43.6291,37.5506,36.1866,35.7734,35.5514,7.65
-9999.0000,43.5936,37.5346,36.3515,35.6774,35.7006,7.75
-9999.0000,44.0932,37.6454,36.4263,35.7774,35.7310,7.85
-9999.0000,43.6690,37.7289,36.4307,35.7802,35.7588,7.95
-9999.0000,44.0566,37.8789,36.5838,35.8083,35.8271,8.05
-9999.0000,44.6169,37.8830,36.5886,35.9128,35.7603,8.15
-9999.0000,48.2006,37.8377,36.7086,35.9854,35.9475,8.25
-9999.0000,46.9284,38.0559,36.7157,35.9733,35.8378,8.35
-9999.0000,44.7861,38.0669,36.8529,36.0252,35.9256,8.45
-9999.0000,44.0895,38.0825,36.9298,36.2994,35.9085,8.55
-9999.0000,-9999.0000,38.2625,36.9494,36.2854,35.9402,8.65
-9999.0000,45.4705,38.2422,37.1395,36.3256,36.0465,8.75
-9999.0000,44.7913,38.2862,37.0913,36.3229,36.0318,8.85
-9999.0000,-9999.0000,38.3284,37.2130,36.3996,36.1268,8.95
