u,g,r,i,z,y,time
28.0969,25.2574,24.6466,24.8009,25.0496,25.2492,0.05
28.3077,25.3255,24.2289,24.3473,24.5673,24.7819,0.15
28.4738,25.7049,24.0987,24.1228,24.2605,24.4764,0.25
28.6447,26.1705,24.1783,24.0244,24.0990,24.3006,0.35
28.8007,26.4719,24.3761,23.9937,24.0430,24.1434,0.45
28.9614,26.7217,24.5938,24.0251,24.0441,24.0732,0.55
29.1705,26.9613,24.8401,24.1324,24.0603,24.0439,0.65
29.2951,27.1185,25.0332,24.2731,24.0726,24.0452,0.75
29.4685,27.3614,25.2369,24.4653,24.1126,24.0625,0.85
29.6106,27.5459,25.4380,24.6708,24.1945,24.0899,0.95
29.8331,27.7225,25.6212,24.8794,24.3193,24.1415,1.05
30.0179,27.9069,25.7670,25.0435,24.4427,24.1846,1.15
30.2508,28.0381,25.9052,25.1360,24.5678,24.2475,1.25
30.4495,28.1953,26.0571,25.2404,24.6928,24.3088,1.35
30.4967,28.3180,26.1749,25.3194,24.7972,24.3885,1.45
30.6747,28.4214,26.2987,25.4139,24.8955,24.4802,1.55
30.7755,28.5192,26.3956,25.4952,24.9855,24.5509,1.65
31.0245,28.6305,26.4983,25.5779,25.0635,24.6533,1.75
31.0591,28.7332,26.5763,25.6571,25.1303,24.7265,1.85
31.2722,28.8256,26.6683,25.7047,25.1881,24.8032,1.95
31.3893,28.8932,26.7782,25.7962,25.2553,24.8809,2.05
31.4083,28.9726,26.8450,25.8412,25.3144,24.9515,2.15
31.5999,29.0253,26.9169,25.9160,25.3928,25.0185,2.25
31.5697,29.0936,26.9771,25.9766,25.4458,25.0856,2.35
31.9233,29.1516,27.0398,26.0340,25.5029,25.1383,2.45
32.0339,29.2051,27.1242,26.1008,25.5402,25.1873,2.55
32.1851,29.2558,27.1955,26.1426,25.6241,25.2648,2.65
32.4391,29.3513,27.2503,26.2212,25.6571,25.3155,2.75
32.3569,29.4100,27.3317,26.2467,25.7317,25.3672,2.85
32.4643,29.5068,27.3920,26.3219,25.7659,25.4314,2.95
32.5884,29.5317,27.4076,26.3706,25.7981,25.4723,3.05
32.6641,29.6067,27.5019,26.4031,25.8741,25.5339,3.15
32.8649,29.5578,27.5174,26.4605,25.9265,25.5802,3.25
32.6021,29.7271,27.5880,26.5255,25.9813,25.6367,3.35
33.0277,29.7946,27.6594,26.5850,26.0347,25.7086,3.45
33.2797,29.7960,27.6906,26.6328,26.0526,25.7393,3.55
33.2483,29.8828,27.7765,26.6850,26.1106,25.8051,3.65
33.3022,29.8748,27.7714,26.7335,26.1560,25.8221,3.75
33.1198,29.9464,27.7887,26.7568,26.2139,25.8860,3.85
33.5588,29.9956,27.8931,26.8351,26.2535,25.9315,3.95
33.4736,30.0681,27.9125,26.8715,26.2922,25.9857,4.05
33.8410,30.1423,27.9821,26.9224,26.3549,26.0342,4.15
33.8354,30.2292,27.9949,27.0037,26.3639,26.0663,4.25
33.8806,30.3014,28.0445,27.0081,26.4295,26.1404,4.35
34.3063,30.3081,28.1217,27.0415,26.4870,26.1583,4.45
34.4007,30.3542,28.1243,27.0993,26.5052,26.2301,4.55
33.9741,30.4139,28.1942,27.1136,26.5549,26.2456,4.65
34.5434,30.4756,28.2380,27.1934,26.5924,26.2851,4.75
34.0770,30.4518,28.2752,27.2424,26.6280,26.3178,4.85
34.6155,30.5261,28.3026,27.2817,26.6943,26.3799,4.95
34.8885,30.6179,28.3598,27.3460,26.7136,26.4021,5.05
34.5006,30.5804,28.3967,27.3375,26.7863,26.4590,5.15
34.8352,30.7023,28.4435,27.3996,26.8131,26.4901,5.25
34.9342,30.7412,28.4549,27.4368,26.8500,26.5537,5.35
34.6000,30.8293,28.5105,27.4821,26.8903,26.5909,5.45
35.1917,30.9189,28.5569,27.5080,26.9516,26.6413,5.55
34.7178,30.9513,28.5414,27.5218,26.9850,26.6823,5.65
35.0260,30.9961,28.6409,27.5744,27.0099,26.7030,5.75
35.1765,31.0444,28.6773,27.6412,27.0276,26.7409,5.85
35.1738,31.0908,28.6886,27.6682,27.1262,26.8204,5.95
35.9699,31.2223,28.7220,27.7024,27.1496,26.8274,6.05
35.8520,31.1986,28.7927,27.7366,27.1776,26.8496,6.15
35.7405,31.1924,28.8391,27.8191,27.2388,26.9268,6.25
35.1073,31.2307,28.8604,27.8478,27.2675,26.9251,6.35
35.9058,31.3648,28.8820,27.8688,27.3023,27.0119,6.45
35.0433,31.4063,28.9261,27.9035,27.3531,27.0217,6.55
36.6438,31.5189,28.9181,27.9331,27.3932,27.0791,6.65
36.3284,31.4377,28.9755,28.0045,27.4103,27.1076,6.75
35.4792,31.5159,29.0435,28.0357,27.4665,27.1405,6.85
36.0252,31.6322,29.0613,28.0494,27.4579,27.1476,6.95
36.7257,31.5782,29.1488,28.0431,27.5445,27.2058,7.05
37.1725,31.7091,29.1744,28.1028,27.5883,27.2487,7.15
36.9188,31.7628,29.2031,28.1501,27.5945,27.2960,7.25
36.6504,31.8170,29.2109,28.2121,27.6056,27.3476,7.35
36.5087,31.7678,29.2253,28.2484,27.6508,27.3536,7.45
37.4083,31.9987,29.2784,28.2640,27.6995,27.4007,7.55
38.8439,31.8776,29.3349,28.3233,27.7198,27.4412,7.65
37.0424,32.0799,29.3354,28.3411,27.8005,27.4635,7.75
37.9938,32.1215,29.3763,28.3739,27.7871,27.5086,7.85
37.6740,32.1082,29.4240,28.3919,27.8590,27.5256,7.95
36.9737,32.2742,29.4780,28.4095,27.8929,27.5801,8.05
39.2310,32.2544,29.4877,28.4884,27.9392,27.6213,8.15
37.0784,32.3153,29.5661,28.4912,27.9484,27.6251,8.25
36.9977,32.3094,29.6163,28.5228,28.0183,27.6966,8.35
39.9137,32.4153,29.6271,28.5822,28.0049,27.7169,8.45
38.1512,32.4748,29.6786,28.6136,28.0666,27.7696,8.55
37.8445,32.5372,29.6826,28.6267,28.0928,27.7921,8.65
38.0604,32.6660,29.7596,28.6255,28.0577,27.7965,8.75
38.2768,32.6353,29.7814,28.6872,28.1499,27.8438,8.85
37.6512,32.7841,29.8490,28.7744,28.2335,27.9452,8.95
