u,g,r,i,z,y,time
29.7963,28.1074,26.4800,25.4970,25.2789,25.4095,0.05
30.7478,28.5039,26.5852,25.4886,24.9129,24.8982,0.15
31.1015,28.8209,26.7603,25.5731,24.7862,24.6498,0.25
31.3162,29.0105,26.8928,25.6146,24.8102,24.5157,0.35
32.0056,29.2670,27.0991,25.6569,24.8895,24.4368,0.45
31.9000,29.4138,27.2826,25.7257,24.9614,24.4090,0.55
32.3869,29.7163,27.4443,25.8141,25.0454,24.4447,0.65
32.9906,29.8831,27.6263,25.8841,25.1031,24.5053,0.75
33.2109,30.0480,27.7755,26.0024,25.2078,24.5353,0.85
33.0097,30.1192,27.9767,26.1133,25.2490,24.5912,0.95
33.5233,30.3821,28.0881,26.2745,25.3355,24.6735,1.05
33.5362,30.5277,28.1834,26.3564,25.4125,24.7365,1.15
33.7600,30.6824,28.3501,26.4758,25.4892,24.8142,1.25
33.5116,30.9023,28.4287,26.5811,25.5751,24.8812,1.35
34.8584,30.8694,28.6126,26.7256,25.6425,24.9685,1.45
33.5435,30.9811,28.6365,26.8214,25.6978,25.0616,1.55
33.9937,31.3223,28.7646,26.9006,25.7969,25.1251,1.65
33.5438,31.3149,28.9068,27.0449,25.8590,25.2317,1.75
34.1436,31.3701,28.9777,27.1595,25.9386,25.3062,1.85
34.4498,31.3249,29.0629,27.2704,26.0180,25.3838,1.95
34.3760,31.6381,29.0820,27.3270,26.1064,25.4474,2.05
34.4690,31.6456,29.1778,27.4642,26.1748,25.5234,2.15
34.1236,31.6141,29.2241,27.5668,26.3062,25.5897,2.25
35.1026,31.7889,29.3647,27.6621,26.3926,25.6842,2.35
34.4021,31.9211,29.3804,27.7526,26.4584,25.7820,2.45
34.4167,31.6569,29.3858,27.8121,26.5657,25.8541,2.55
34.3025,31.8846,29.4779,27.9454,26.6578,25.9178,2.65
34.9412,31.7737,29.5563,28.0147,26.7479,25.9922,2.75
36.1164,31.8780,29.5836,28.0707,26.8363,26.0346,2.85
35.4867,31.9264,29.5604,28.0901,26.9393,26.1360,2.95
34.6234,32.1571,29.6381,28.2072,27.0410,26.2593,3.05
35.8175,32.0688,29.7499,28.2525,27.1416,26.3007,3.15
34.5484,32.2380,29.7159,28.3222,27.1507,26.3930,3.25
34.9949,31.9640,29.8777,28.4066,27.3179,26.4778,3.35
34.8767,32.2100,29.8650,28.3723,27.3487,26.5522,3.45
35.4185,32.2629,29.8355,28.4242,27.4465,26.6220,3.55
35.5079,32.3953,29.8744,28.4451,27.4964,26.7332,3.65
34.9022,32.5492,30.0855,28.4526,27.6320,26.8121,3.75
34.9027,32.3880,29.9990,28.4970,27.6958,26.8932,3.85
35.9288,32.4301,30.0666,28.5018,27.7725,26.9856,3.95
35.5345,32.3050,30.0430,28.5085,27.8153,27.0327,4.05
35.5801,32.4569,30.1489,28.5883,27.8564,27.1580,4.15
35.0987,32.2165,30.1007,28.6021,27.9799,27.2353,4.25
36.7404,32.5417,30.1289,28.6667,27.9869,27.3101,4.35
36.9735,32.5926,30.2545,28.6240,27.9904,27.4074,4.45
40.5349,32.4871,30.2465,28.6869,28.0685,27.4835,4.55
35.4224,32.3098,30.3128,28.7330,28.0885,27.5444,4.65
37.1620,32.5687,30.3968,28.8045,28.0896,27.6088,4.75
37.1051,32.5811,30.4153,28.8649,28.1786,27.6625,4.85
36.3972,32.4978,30.3873,28.7626,28.2192,27.7524,4.95
35.5177,32.7162,30.4539,28.9377,28.2143,27.7373,5.05
36.4127,32.5809,30.5601,28.9086,28.2684,27.8319,5.15
36.8447,32.6452,30.4473,28.9265,28.3161,27.9455,5.25
36.4515,32.6716,30.5620,28.9832,28.3103,27.9677,5.35
37.7939,32.9694,30.6293,28.9956,28.3356,27.9847,5.45
37.2110,32.7562,30.6537,29.0934,28.3447,28.0175,5.55
37.4439,32.8044,30.7143,29.1653,28.3493,28.0186,5.65
36.3182,32.8026,30.7518,29.1530,28.3998,28.0759,5.75
37.1153,32.9305,30.7084,29.2011,28.4337,28.1047,5.85
36.6663,32.8425,30.6464,29.2531,28.5010,28.1746,5.95
36.7326,32.8947,30.6922,29.2545,28.4422,28.2522,6.05
37.6719,32.8919,30.7380,29.3164,28.4786,28.2316,6.15
37.3304,33.0833,30.9771,29.3558,28.5058,28.2683,6.25
38.5483,33.0744,30.8910,29.4407,28.6440,28.2756,6.35
38.8685,32.8349,30.9913,29.4486,28.6397,28.3270,6.45
36.7950,33.0834,30.9711,29.5331,28.5966,28.3179,6.55
38.4145,33.0154,31.0077,29.4576,28.7435,28.3597,6.65
36.8157,33.0865,30.9812,29.5949,28.7709,28.4298,6.75
37.4229,32.8891,31.0915,29.6965,28.7272,28.4157,6.85
36.8663,33.1370,31.1392,29.6751,28.7918,28.3926,6.95
37.5930,33.0782,31.0769,29.6299,28.7905,28.4824,7.05
37.4809,33.0871,31.2537,29.7111,28.8737,28.4348,7.15
37.1449,32.8802,31.0195,29.8403,28.9396,28.4924,7.25
36.2328,32.9505,31.1827,29.8105,28.9275,28.5509,7.35
36.2264,33.0979,31.3387,29.9031,29.0601,28.6646,7.45
36.5151,33.0901,31.3330,29.9525,29.0900,28.6668,7.55
36.8602,33.1602,31.3117,30.0249,29.0481,28.6351,7.65
37.9828,33.0760,31.2853,30.0380,29.2118,28.6930,7.75
37.0885,33.1508,31.3556,30.1303,29.2009,28.7619,7.85
37.1619,33.0216,31.3555,30.0964,29.2547,28.8030,7.95
37.2373,33.4252,31.4732,30.1620,29.2888,28.7812,8.05
36.2995,33.3053,31.5290,30.2263,29.2832,28.8260,8.15
37.1668,33.4960,31.5467,30.1790,29.3819,28.8909,8.25
37.2812,33.3099,31.4919,30.3700,29.3875,28.9660,8.35
37.5577,33.4866,31.6123,30.3086,29.4108,28.9333,8.45
37.2392,33.7393,31.6097,30.4010,29.4856,29.0350,8.55
38.2146,33.3970,31.6733,30.3921,29.5203,28.9961,8.65
38.2432,33.6642,31.6595,30.4840,29.5775,29.0870,8.75
36.6397,33.5298,31.7414,30.5479,29.5751,29.0975,8.85
38.1006,33.5780,31.6943,30.6636,29.5702,29.1790,8.95
