u,g,r,i,z,y,time
25.7276,25.7050,25.8803,26.2686,26.4946,26.6259,0.05
24.7836,24.7386,25.0492,25.3030,25.5573,25.8308,0.15
24.2805,24.1896,24.5311,24.9090,25.0511,25.3840,0.25
24.0163,23.8577,24.1555,24.5716,24.8281,25.0992,0.35
23.8346,23.6015,23.8966,24.3445,24.5413,24.7749,0.45
23.7187,23.4393,23.6792,24.0643,24.3403,24.5724,0.55
23.7199,23.3521,23.5353,23.9472,24.2249,24.3546,0.65
23.6734,23.2441,23.4104,23.7733,24.0394,24.2273,0.75
23.6442,23.1714,23.3124,23.6539,23.8861,24.1649,0.85
23.6587,23.1380,23.2287,23.5378,23.7575,23.9899,0.95
23.6736,23.0826,23.1591,23.4386,23.6794,23.9058,1.05
23.7060,23.0335,23.0943,23.3357,23.5714,23.8045,1.15
23.7179,22.9987,23.0135,23.2481,23.4409,23.6723,1.25
23.7702,22.9979,22.9932,23.1991,23.3947,23.6447,1.35
23.9396,23.0197,22.9835,23.1731,23.3473,23.5794,1.45
23.9760,22.9552,22.8856,23.0479,23.2416,23.4659,1.55
23.9911,22.9687,22.9057,23.0395,23.2468,23.4757,1.65
24.2383,23.0147,22.8435,22.9583,23.1723,23.3804,1.75
24.1798,22.9555,22.8025,22.9176,23.1325,23.3208,1.85
24.5205,23.0707,22.8166,22.9117,23.1338,23.3144,1.95
24.4109,22.9893,22.7214,22.8392,23.0637,23.2352,2.05
24.7568,23.1381,22.7629,22.8593,23.0466,23.2100,2.15
24.6430,23.0818,22.7065,22.8105,23.0068,23.1710,2.25
24.9959,23.2207,22.6802,22.7624,22.9824,23.1359,2.35
24.9377,23.2381,22.7123,22.7904,22.9934,23.1143,2.45
25.0834,23.2715,22.6160,22.7060,22.9271,23.0468,2.55
25.3312,23.4696,22.7102,22.7510,22.9599,23.0640,2.65
25.1910,23.3925,22.6200,22.6920,22.8849,22.9781,2.75
25.6141,23.6173,22.6274,22.6504,22.8805,22.9441,2.85
25.5690,23.6931,22.6877,22.7086,22.9185,22.9582,2.95
25.5267,23.6288,22.6012,22.6040,22.8146,22.8969,3.05
25.9296,23.9125,22.6594,22.6044,22.8286,22.8777,3.15
25.8941,23.9848,22.7250,22.6457,22.8757,22.9096,3.25
25.8564,23.8930,22.6354,22.5706,22.7632,22.8359,3.35
26.2246,24.1391,22.7078,22.5365,22.7780,22.8076,3.45
26.3154,24.2776,22.8091,22.6132,22.8130,22.8282,3.55
26.2355,24.1862,22.7376,22.5668,22.7859,22.8033,3.65
26.3683,24.2403,22.7541,22.5128,22.7367,22.7492,3.75
26.6991,24.5296,22.9016,22.5712,22.7504,22.8010,3.85
26.6643,24.5329,22.9225,22.6106,22.7768,22.8131,3.95
26.5795,24.4682,22.8727,22.5285,22.7250,22.7526,4.05
26.8819,24.5873,22.9102,22.5174,22.7060,22.7470,4.15
27.1298,24.8229,23.0537,22.5999,22.7434,22.7876,4.25
27.0837,24.8295,23.1134,22.6425,22.7981,22.8191,4.35
27.0546,24.7607,23.0707,22.5813,22.7323,22.7555,4.45
27.2377,24.8163,23.0782,22.5659,22.7217,22.7309,4.55
27.5081,25.0756,23.2363,22.6362,22.7379,22.7959,4.65
27.4668,25.1542,23.3473,22.7486,22.8216,22.8700,4.75
27.4357,25.1214,23.3657,22.7416,22.7992,22.8379,4.85
27.4427,25.0488,23.3338,22.7047,22.7699,22.7685,4.95
27.7705,25.2008,23.4494,22.7087,22.7736,22.7823,5.05
27.7107,25.3925,23.6624,22.8131,22.8429,22.8423,5.15
27.8068,25.4048,23.7339,22.9017,22.9059,22.9336,5.25
27.8011,25.3829,23.7604,22.9109,22.9002,22.8800,5.35
27.8179,25.3306,23.7194,22.8779,22.8700,22.8708,5.45
27.9014,25.4548,23.9018,22.8998,22.8675,22.8546,5.55
28.2905,25.6044,24.1590,22.9588,22.9204,22.8969,5.65
28.0920,25.6730,24.3140,23.1026,23.0121,22.9778,5.75
28.2269,25.6324,24.3226,23.1201,23.0275,23.0203,5.85
28.2598,25.6359,24.2862,23.1114,22.9767,22.9478,5.95
28.2201,25.6211,24.3006,23.1172,22.9892,22.9519,6.05
28.5985,25.7997,24.5908,23.1528,23.0679,22.9768,6.15
28.7437,26.0393,24.8201,23.2520,23.1520,23.0398,6.25
28.8363,26.0632,24.9213,23.3747,23.2076,23.0871,6.35
28.9222,26.1071,24.9526,23.3777,23.1814,23.0815,6.45
28.9195,26.0841,24.9084,23.3496,23.2016,23.0658,6.55
28.9759,26.0412,24.8764,23.3350,23.1838,23.0918,6.65
29.1229,26.2356,25.1210,23.4213,23.2565,23.0910,6.75
29.4594,26.4823,25.3316,23.5891,23.3654,23.1548,6.85
29.4254,26.6005,25.4901,23.7524,23.4709,23.2584,6.95
29.6125,26.6717,25.5588,23.8156,23.4882,23.2612,7.05
29.5878,26.6882,25.5252,23.8218,23.4530,23.2175,7.15
29.7207,26.6652,25.5242,23.7921,23.4742,23.2475,7.25
29.7364,26.6698,25.5597,23.7965,23.4500,23.2378,7.35
30.0235,26.8733,25.6938,23.8688,23.4979,23.2718,7.45
30.5104,27.1985,25.8913,24.0431,23.6443,23.3638,7.55
30.5093,27.2568,26.0534,24.2958,23.8101,23.5070,7.65
30.5861,27.3966,26.1250,24.4015,23.8897,23.5943,7.75
30.8866,27.3955,26.1256,24.4607,23.8735,23.5774,7.85
30.8331,27.4491,26.1582,24.4689,23.8738,23.5743,7.95
30.5807,27.4989,26.1200,24.4887,23.8612,23.6085,8.05
31.0934,27.5745,26.2303,24.4905,23.9136,23.6095,8.15
31.7071,27.6984,26.3776,24.5555,23.9487,23.6650,8.25
30.8930,27.9489,26.5638,24.6846,24.0572,23.7401,8.35
31.6465,28.1596,26.6249,24.8373,24.1999,23.8532,8.45
31.4843,28.1924,26.7756,24.9353,24.2924,23.9812,8.55
32.3230,28.2540,26.7358,25.0180,24.3219,23.9950,8.65
31.4150,28.2661,26.7548,25.0208,24.3574,24.0008,8.75
31.5663,28.2160,26.7674,25.0010,24.4007,24.0101,8.85
31.8744,28.4134,26.8811,25.0176,24.3671,24.0313,8.95
