u,g,r,i,z,y,time
32.2800,30.7066,28.9345,27.6596,27.5395,27.5448,0.05
32.7716,30.9052,29.1148,27.2984,27.0354,26.9791,0.15
33.3602,31.2438,29.3896,27.3522,26.9591,26.7530,0.25
34.0147,31.5791,29.6678,27.6259,27.0777,26.7286,0.35
34.8367,31.9216,30.0016,27.9837,27.2344,26.8259,0.45
35.7676,32.3972,30.3258,28.3181,27.4739,27.0502,0.55
36.0131,32.7658,30.6251,28.6264,27.7314,27.3186,0.65
36.7282,33.2848,31.0425,28.8968,27.9924,27.5743,0.75
38.4662,33.6260,31.3835,29.1770,28.2143,27.7795,0.85
38.9677,34.0889,31.6513,29.4333,28.4306,27.9770,0.95
38.4455,34.3416,31.9555,29.7102,28.6342,28.1227,1.05
38.5985,34.7914,32.1756,29.9550,28.8299,28.2857,1.15
-9999.0000,35.0180,32.4087,30.1563,29.0066,28.4400,1.25
-9999.0000,35.2586,32.5686,30.3555,29.1438,28.5500,1.35
40.0716,35.5944,32.7897,30.5508,29.3242,28.6809,1.45
-9999.0000,35.7310,32.9327,30.7084,29.4812,28.7791,1.55
39.5763,35.9084,33.0214,30.8259,29.5612,28.8934,1.65
-9999.0000,36.0704,33.1146,30.9838,29.6421,28.9564,1.75
-9999.0000,36.5012,33.3859,31.0569,29.7962,29.0118,1.85
-9999.0000,36.6367,33.2511,31.1870,29.8443,29.0905,1.95
-9999.0000,36.7819,33.3994,31.2082,29.9028,29.1797,2.05
-9999.0000,36.4801,33.4062,31.2700,29.9812,29.2147,2.15
-9999.0000,36.8123,33.4650,31.3738,30.1377,29.2733,2.25
-9999.0000,37.0392,33.5411,31.4432,30.1327,29.3382,2.35
-9999.0000,36.6369,33.6282,31.5253,30.2149,29.3573,2.45
-9999.0000,37.0514,33.6882,31.5766,30.3444,29.4377,2.55
-9999.0000,37.3604,33.7375,31.6421,30.3258,29.5062,2.65
-9999.0000,37.6098,33.8911,31.6059,30.3843,29.5682,2.75
-9999.0000,37.6532,33.9653,31.7857,30.4610,29.5669,2.85
-9999.0000,37.5941,34.0454,31.8006,30.5428,29.6065,2.95
-9999.0000,37.9805,34.0379,31.8372,30.5868,29.6983,3.05
-9999.0000,37.6651,34.2030,31.8472,30.6387,29.7108,3.15
-9999.0000,38.2033,34.0533,32.0144,30.6926,29.7497,3.25
-9999.0000,38.6312,34.2809,32.0302,30.6943,29.8259,3.35
-9999.0000,38.6858,34.3588,31.9951,30.7375,29.8407,3.45
-9999.0000,38.3236,34.3943,32.1237,30.7813,29.8996,3.55
-9999.0000,38.2454,34.3643,32.1480,30.8184,29.9580,3.65
-9999.0000,37.5423,34.6825,32.1959,30.9314,29.9889,3.75
39.8258,37.7388,34.4348,32.3515,30.9088,30.0094,3.85
-9999.0000,37.7889,34.6954,32.3342,30.9490,30.0679,3.95
-9999.0000,38.6896,34.7621,32.3378,31.0367,30.0924,4.05
-9999.0000,38.7771,34.7776,32.4123,31.0397,30.1817,4.15
-9999.0000,38.2295,35.1006,32.4925,31.1151,30.2273,4.25
-9999.0000,39.4952,34.8037,32.5477,31.1419,30.2897,4.35
-9999.0000,38.8825,35.0110,32.6066,31.2274,30.2830,4.45
-9999.0000,38.4101,35.0586,32.5922,31.2860,30.3221,4.55
-9999.0000,40.3537,35.1979,32.6956,31.3530,30.3433,4.65
-9999.0000,38.6088,35.0291,32.7221,31.3322,30.4485,4.75
-9999.0000,39.0166,35.3465,32.8215,31.3570,30.4466,4.85
-9999.0000,39.8875,35.2476,32.8016,31.3802,30.4767,4.95
-9999.0000,38.4549,35.4886,32.8485,31.4214,30.4986,5.05
-9999.0000,39.3690,35.2977,32.8878,31.4913,30.5560,5.15
-9999.0000,-9999.0000,35.7823,32.9279,31.5736,30.6415,5.25
-9999.0000,39.7833,35.4714,33.1409,31.5764,30.6868,5.35
-9999.0000,41.5293,35.6263,33.1159,31.6070,30.6893,5.45
-9999.0000,39.6548,35.6244,33.1587,31.6378,30.7024,5.55
-9999.0000,41.5212,35.5499,33.1518,31.6832,30.7905,5.65
-9999.0000,40.1991,35.6162,33.2261,31.8512,30.8418,5.75
-9999.0000,39.6780,35.7090,33.2716,31.8453,30.8661,5.85
-9999.0000,41.5506,35.8603,33.2621,31.9523,30.9130,5.95
-9999.0000,40.1631,35.7563,33.4119,31.9329,30.9555,6.05
-9999.0000,40.0211,36.0130,33.3446,31.9722,31.0151,6.15
-9999.0000,40.8825,35.8883,33.4567,31.9860,30.9751,6.25
-9999.0000,40.1246,36.0711,33.5399,32.0480,31.0964,6.35
-9999.0000,39.7955,36.1056,33.4836,32.0840,31.0729,6.45
-9999.0000,40.9874,36.0555,33.5358,32.1881,31.1854,6.55
-9999.0000,40.3720,36.1158,33.5068,32.2541,31.2682,6.65
-9999.0000,-9999.0000,35.9511,33.5984,32.2541,31.2938,6.75
-9999.0000,46.3973,36.0924,33.7686,32.3293,31.3186,6.85
-9999.0000,-9999.0000,36.1485,33.7809,32.3005,31.3880,6.95
-9999.0000,-9999.0000,36.4566,33.8417,32.4767,31.3617,7.05
-9999.0000,40.4473,36.3471,33.7708,32.3926,31.4384,7.15
-9999.0000,-9999.0000,36.3871,33.8224,32.4557,31.4331,7.25
-9999.0000,40.5772,36.1396,33.6798,32.4901,31.5314,7.35
-9999.0000,40.6517,36.7574,33.8669,32.5599,31.5360,7.45
-9999.0000,-9999.0000,36.5155,33.9610,32.6106,31.6771,7.55
-9999.0000,42.1274,36.4037,34.0841,32.6124,31.6609,7.65
-9999.0000,42.8534,36.5245,33.9940,32.7729,31.7918,7.75
-9999.0000,-9999.0000,36.5535,34.1806,32.7001,31.7067,7.85
-9999.0000,-9999.0000,36.5690,34.0930,32.7850,31.8786,7.95
-9999.0000,-9999.0000,36.4872,34.1033,32.9096,31.8239,8.05
-9999.0000,47.1847,36.5252,34.0277,32.7646,31.9295,8.15
-9999.0000,41.5923,36.5628,34.0209,32.8579,31.8625,8.25
-9999.0000,42.0053,37.1377,34.0622,33.0040,31.9251,8.35
-9999.0000,-9999.0000,36.7187,34.0891,32.9689,32.0022,8.45
-9999.0000,41.4279,37.0718,34.1828,33.1387,32.1141,8.55
-9999.0000,41.6683,36.5819,34.2329,32.9143,32.0929,8.65
-9999.0000,41.7565,37.1428,34.2217,33.1932,32.1877,8.75
-9999.0000,41.6629,36.7415,34.1763,33.1197,32.2070,8.85
-9999.0000,40.8991,36.9040,34.3314,33.1301,32.2649,8.95
