u,g,r,i,z,y,time
36.4202,33.9728,31.6192,30.4519,28.9982,28.3072,0.05
37.3273,34.4648,31.6103,30.2858,28.9695,28.0788,0.15
37.5239,35.2396,32.0436,30.5126,29.2880,28.3690,0.25
38.9237,35.7313,32.5291,30.8597,29.6829,28.6702,0.35
40.1934,36.1687,33.0676,31.1952,30.0531,28.9720,0.45
41.2520,36.7956,33.4672,31.4821,30.3906,29.2486,0.55
41.3479,36.8729,33.7536,31.7895,30.6733,29.4896,0.65
40.8890,37.1991,34.0551,31.9831,30.8486,29.6946,0.75
-9999.0000,37.5916,34.2257,32.2203,31.0766,29.8963,0.85
-9999.0000,37.6798,34.4262,32.3531,31.2262,30.0737,0.95
-9999.0000,37.5723,34.7563,32.5590,31.4082,30.2662,1.05
-9999.0000,37.7991,34.8246,32.7135,31.5605,30.4521,1.15
-9999.0000,38.2544,34.8130,32.8841,31.6653,30.6310,1.25
-9999.0000,38.2866,35.0350,33.0010,31.8186,30.8109,1.35
-9999.0000,38.0386,35.0997,33.1346,31.8819,30.9876,1.45
-9999.0000,38.1280,35.1436,33.3040,31.9517,31.1123,1.55
-9999.0000,38.3092,35.2002,33.3331,31.9879,31.2206,1.65
-9999.0000,38.4842,35.3308,33.3660,32.0689,31.2993,1.75
-9999.0000,38.7725,35.2426,33.4105,32.0611,31.3895,1.85
-9999.0000,38.5531,35.2857,33.4546,32.1150,31.4335,1.95
-9999.0000,38.4996,35.2979,33.5182,32.2100,31.4846,2.05
-9999.0000,38.5738,35.1953,33.5233,32.2304,31.5500,2.15
-9999.0000,38.7562,35.3236,33.5090,32.2691,31.5306,2.25
-9999.0000,38.8976,35.2807,33.5958,32.3281,31.5864,2.35
-9999.0000,38.5551,35.3529,33.6520,32.3585,31.6215,2.45
-9999.0000,38.6740,35.3526,33.6837,32.3820,31.6269,2.55
-9999.0000,39.3047,35.3141,33.6844,32.4910,31.6990,2.65
-9999.0000,39.1372,35.4302,33.7601,32.4776,31.7337,2.75
-9999.0000,38.8026,35.4009,33.8612,32.5738,31.7897,2.85
-9999.0000,39.0141,35.3567,33.8250,32.6307,31.7909,2.95
-9999.0000,39.0076,35.4387,33.9224,32.6682,31.8638,3.05
-9999.0000,38.7728,35.6137,33.9804,32.7141,31.9360,3.15
-9999.0000,39.2847,35.5251,33.9081,32.8112,31.9854,3.25
-9999.0000,38.9248,35.2730,33.9975,32.8473,32.1105,3.35
-9999.0000,39.3906,35.5017,34.0067,32.9257,32.0451,3.45
-9999.0000,39.9132,35.5596,33.9836,32.9331,32.1179,3.55
-9999.0000,39.7087,35.6143,34.0757,33.0320,32.2295,3.65
-9999.0000,40.4821,35.6217,34.1121,33.1032,32.2675,3.75
-9999.0000,40.0338,35.5988,34.1021,33.1165,32.2990,3.85
-9999.0000,40.0870,35.6633,34.1839,33.2054,32.4185,3.95
-9999.0000,40.0888,35.6738,34.1637,33.2531,32.4295,4.05
-9999.0000,40.0237,35.7653,34.2764,33.3772,32.4898,4.15
-9999.0000,40.2470,35.6693,34.2716,33.4436,32.5647,4.25
-9999.0000,39.5889,35.6427,34.2907,33.4005,32.6183,4.35
-9999.0000,39.7576,35.6348,34.3075,33.5011,32.7418,4.45
-9999.0000,39.9156,35.8239,34.3980,33.5642,32.7906,4.55
-9999.0000,40.2090,35.8012,34.5128,33.5820,32.8572,4.65
-9999.0000,40.3171,35.7700,34.4667,33.6842,32.9503,4.75
-9999.0000,40.1631,35.7714,34.5525,33.7435,33.0138,4.85
-9999.0000,40.4700,35.8926,34.5193,33.7865,33.0612,4.95
-9999.0000,40.2901,35.9021,34.5070,33.8588,33.1463,5.05
-9999.0000,40.1686,36.1103,34.6484,33.8840,33.1636,5.15
-9999.0000,40.4441,35.9117,34.6189,33.9219,33.2628,5.25
-9999.0000,40.6777,36.0788,34.7218,34.0451,33.3000,5.35
-9999.0000,40.5172,35.9944,34.6787,34.0439,33.3970,5.45
-9999.0000,40.2040,36.0546,34.6985,34.1942,33.4684,5.55
-9999.0000,40.7382,36.1052,34.8717,34.1729,33.5925,5.65
-9999.0000,40.2932,36.2294,34.7780,34.2321,33.5917,5.75
-9999.0000,41.2269,36.0814,34.8032,34.3075,33.7524,5.85
-9999.0000,40.6032,36.1374,34.8866,34.2526,33.7680,5.95
-9999.0000,40.4018,35.9928,34.9272,34.3593,33.8993,6.05
-9999.0000,40.7997,36.2533,34.9769,34.3849,33.9405,6.15
-9999.0000,42.6506,36.2940,35.0750,34.5132,34.0359,6.25
-9999.0000,41.8197,36.1422,35.0484,34.4942,34.0956,6.35
-9999.0000,41.0800,36.0382,35.0915,34.6401,34.1078,6.45
-9999.0000,41.3488,36.0480,35.1678,34.6100,34.2293,6.55
-9999.0000,41.3513,36.0394,35.2204,34.6800,34.3341,6.65
-9999.0000,40.9660,35.9630,35.1540,34.7834,34.3049,6.75
-9999.0000,40.3239,36.0304,35.1955,34.7817,34.4156,6.85
-9999.0000,40.9762,35.9651,35.2485,34.8599,34.5053,6.95
-9999.0000,41.5134,35.9886,35.1654,34.9076,34.6004,7.05
-9999.0000,41.9161,36.1187,35.2578,35.1165,34.7112,7.15
-9999.0000,41.5573,36.1475,35.3352,35.0676,34.8754,7.25
-9999.0000,41.7079,36.1740,35.2699,35.1106,34.7791,7.35
-9999.0000,42.3039,36.1958,35.3095,35.1582,34.9355,7.45
-9999.0000,41.0132,36.2754,35.2147,35.1145,35.0259,7.55
-9999.0000,41.5790,36.3526,35.2082,35.2032,35.0691,7.65
-9999.0000,41.7279,36.3208,35.2791,35.0814,35.1030,7.75
-9999.0000,40.8393,36.3358,35.2646,35.2575,35.1599,7.85
-9999.0000,41.3046,36.3092,35.3353,35.2451,35.2356,7.95
-9999.0000,41.5695,36.4352,35.2590,35.2373,35.1548,8.05
-9999.0000,42.7486,36.3786,35.3894,35.2851,35.2200,8.15
-9999.0000,41.4082,36.4524,35.3080,35.2022,35.2943,8.25
-9999.0000,41.0090,36.4634,35.3192,35.2766,35.2316,8.35
-9999.0000,41.7519,36.5272,35.4186,35.3608,35.2658,8.45
-9999.0000,42.2158,36.5258,35.5070,35.4395,35.3173,8.55
-9999.0000,42.6737,36.3860,35.4455,35.4323,35.2872,8.65
-9999.0000,42.4065,36.2899,35.4598,35.4689,35.3742,8.75
-9999.0000,42.0334,36.2524,35.3908,35.4346,35.2535,8.85
-9999.0000,41.9128,36.1503,35.4001,35.5152,35.3667,8.95
