u,g,r,i,z,y,time
24.4063,23.9800,23.9961,24.2191,24.6528,24.6619,0.05
23.8003,23.2158,23.2221,23.5159,23.8142,23.9487,0.15
23.6003,22.8412,22.8178,23.0489,23.3885,23.4783,0.25
23.5570,22.6010,22.5344,22.7484,23.0689,23.2050,0.35
23.5638,22.4715,22.3308,22.5222,22.8163,22.9762,0.45
23.6272,22.4020,22.1655,22.3377,22.6477,22.8093,0.55
23.7180,22.3819,22.0471,22.1919,22.5125,22.6799,0.65
23.8318,22.3901,21.9416,22.0985,22.3892,22.5485,0.75
23.9474,22.4331,21.8499,21.9878,22.2823,22.4274,0.85
24.1769,22.4993,21.7689,21.9208,22.2180,22.3526,0.95
24.3614,22.5871,21.7078,21.8408,22.1304,22.2420,1.05
24.5610,22.6890,21.6603,21.7743,22.0577,22.1849,1.15
24.7253,22.7935,21.6283,21.6964,21.9854,22.1157,1.25
24.8687,22.9258,21.6158,21.6479,21.9261,22.0403,1.35
25.0106,23.0384,21.6091,21.6214,21.8750,21.9473,1.45
25.1670,23.1693,21.5960,21.5566,21.8201,21.8988,1.55
25.2608,23.2840,21.6323,21.5350,21.7699,21.8242,1.65
25.3960,23.4118,21.6586,21.4834,21.7257,21.7953,1.75
25.3999,23.4937,21.7011,21.4749,21.7073,21.7517,1.85
25.6430,23.6107,21.7452,21.4497,21.6886,21.7089,1.95
25.6386,23.6686,21.7965,21.4271,21.6577,21.6625,2.05
25.7706,23.8258,21.8368,21.4091,21.6560,21.6154,2.15
25.8367,23.8366,21.8825,21.3858,21.6316,21.5888,2.25
25.9889,23.9837,21.9527,21.4115,21.6313,21.5705,2.35
25.9985,24.0307,22.0009,21.3919,21.6320,21.5543,2.45
26.1878,24.1590,22.0686,21.3972,21.6208,21.5154,2.55
26.2465,24.2213,22.1350,21.4272,21.6341,21.5246,2.65
26.1959,24.2986,22.1882,21.4173,21.6223,21.4803,2.75
26.4235,24.4460,22.2750,21.4603,21.6375,21.4985,2.85
26.5161,24.5100,22.3335,21.4907,21.6540,21.4879,2.95
26.5574,24.5270,22.3871,21.5135,21.6462,21.4552,3.05
26.6192,24.6423,22.4575,21.5375,21.6676,21.4689,3.15
26.8450,24.7846,22.5436,21.5930,21.6966,21.4724,3.25
26.8988,24.7993,22.5871,21.6198,21.7001,21.4828,3.35
27.0562,24.9102,22.6340,21.6520,21.7212,21.4864,3.45
27.2297,25.0093,22.7287,21.7102,21.7572,21.4930,3.55
27.3175,25.0562,22.7851,21.7743,21.7642,21.5102,3.65
27.3941,25.1369,22.8379,21.8258,21.8117,21.5286,3.75
27.6228,25.2845,22.9431,21.8730,21.8480,21.5389,3.85
27.7449,25.3089,22.9969,21.9350,21.8930,21.5435,3.95
27.6064,25.3222,23.0419,21.9858,21.9139,21.5505,4.05
27.7992,25.4810,23.1614,22.0659,21.9730,21.5853,4.15
27.9963,25.5368,23.2504,22.1427,22.0667,21.5829,4.25
28.1183,25.6208,23.3191,22.2145,22.0978,21.5970,4.35
28.3078,25.6804,23.3542,22.2907,22.0983,21.6008,4.45
28.3522,25.7562,23.4568,22.3469,22.1371,21.6136,4.55
28.3707,25.8659,23.5535,22.4216,22.2125,21.6452,4.65
28.5893,25.9253,23.6493,22.4956,22.3185,21.6513,4.75
28.9962,26.0164,23.6786,22.5567,22.3527,21.6652,4.85
29.0100,26.1043,23.7655,22.6206,22.3801,21.6800,4.95
29.2977,26.2251,23.8238,22.6407,22.4178,21.7025,5.05
29.3520,26.2776,23.8925,22.7207,22.4688,21.7356,5.15
29.2906,26.4061,23.9911,22.8071,22.5408,21.8068,5.25
29.5621,26.4071,24.0278,22.8902,22.5675,21.8191,5.35
29.3067,26.5063,24.1116,22.9340,22.6098,21.8469,5.45
30.0222,26.5387,24.1954,22.9531,22.6287,21.8797,5.55
30.0521,26.7910,24.2185,23.0187,22.6725,21.8974,5.65
29.5726,26.7448,24.3070,23.0597,22.7354,21.9340,5.75
30.0908,26.8413,24.3663,23.1144,22.7577,21.9957,5.85
30.5775,26.9698,24.4226,23.1457,22.7949,22.0120,5.95
30.0669,26.9592,24.4846,23.2160,22.8488,22.0769,6.05
30.4190,27.0930,24.5864,23.2798,22.8524,22.1058,6.15
30.3126,27.1819,24.5904,23.2941,22.8941,22.1185,6.25
30.0618,27.2196,24.6620,23.3303,22.9636,22.1630,6.35
30.5396,27.3137,24.7217,23.3801,23.0031,22.1830,6.45
30.9096,27.2853,24.7717,23.4445,23.0077,22.2347,6.55
30.6057,27.3687,24.8032,23.4591,23.0450,22.2498,6.65
30.6663,27.4792,24.8930,23.4903,23.0577,22.3133,6.75
30.9730,27.6235,24.9750,23.5594,23.1395,22.3317,6.85
30.5953,27.7037,25.0165,23.5913,23.1627,22.3778,6.95
30.9980,27.6594,25.0939,23.6351,23.1518,22.4274,7.05
30.6761,27.6438,25.1039,23.6459,23.2101,22.4247,7.15
31.3303,27.7301,25.1210,23.6730,23.2193,22.4789,7.25
32.0937,27.7631,25.1562,23.7195,23.2735,22.4895,7.35
32.0166,27.8207,25.2074,23.7309,23.2833,22.5287,7.45
31.0113,27.9802,25.3066,23.7890,23.3202,22.5465,7.55
31.4003,28.0025,25.3310,23.8344,23.3406,22.5996,7.65
31.8863,28.0171,25.4070,23.8604,23.3947,22.6390,7.75
31.5612,28.2334,25.3841,23.8973,23.4092,22.6576,7.85
31.7741,28.0513,25.4363,23.9248,23.4202,22.6967,7.95
32.1516,28.3653,25.4344,23.9151,23.4443,22.7081,8.05
31.2252,28.1460,25.4837,24.0188,23.4727,22.7242,8.15
32.3324,28.3734,25.5006,24.0263,23.5104,22.7827,8.25
32.1275,28.3165,25.5579,24.0611,23.4971,22.7562,8.35
31.1692,28.4059,25.6332,24.0809,23.5732,22.8229,8.45
34.7471,28.3460,25.6975,24.1224,23.5799,22.8559,8.55
31.8872,28.4709,25.6667,24.1645,23.6457,22.8970,8.65
32.7412,28.4187,25.7245,24.1977,23.6197,22.9160,8.75
32.8214,28.4276,25.7156,24.1826,23.6592,22.9490,8.85
32.0183,28.5037,25.8401,24.1951,23.6532,22.9553,8.95
