u,g,r,i,z,y,time
20.6318,19.9933,19.7376,19.9633,19.7999,19.8622,0.05
20.3966,19.3729,18.9088,19.2142,19.0415,19.1776,0.15
20.4766,19.0933,18.4743,18.8092,18.6295,18.7130,0.25
20.5578,18.9067,18.2179,18.4889,18.3266,18.3574,0.35
20.4947,18.8499,17.9845,18.2413,18.0501,18.1428,0.45
20.5625,18.8307,17.8024,18.0508,17.8439,17.9346,0.55
20.6986,18.9261,17.6721,17.8811,17.6804,17.7951,0.65
20.5972,18.9623,17.5669,17.7498,17.5485,17.6722,0.75
20.6395,19.0533,17.5053,17.6670,17.4172,17.5710,0.85
20.6048,19.1577,17.4396,17.5847,17.3121,17.4770,0.95
20.6462,19.3073,17.4148,17.5187,17.2123,17.3828,1.05
20.6600,19.3792,17.4068,17.4712,17.1534,17.2879,1.15
20.6786,19.4647,17.3875,17.4097,17.0821,17.1971,1.25
20.7598,19.5356,17.4015,17.3959,17.0032,17.1509,1.35
20.9056,19.6099,17.4289,17.3704,16.9730,17.0701,1.45
20.8592,19.7241,17.4685,17.3714,16.9320,17.0174,1.55
20.9884,19.7502,17.4847,17.3586,16.9070,16.9673,1.65
21.1933,19.9131,17.5639,17.3747,16.8791,16.9448,1.75
21.2072,19.9049,17.5869,17.3611,16.8726,16.9137,1.85
21.2964,20.0630,17.6749,17.3932,16.8481,16.8888,1.95
21.3527,20.0808,17.7074,17.3740,16.8088,16.8101,2.05
21.5727,20.2630,17.8315,17.4434,16.8240,16.8008,2.15
21.5407,20.2462,17.8876,17.4296,16.7846,16.7920,2.25
21.8036,20.4222,18.0079,17.5080,16.7898,16.7566,2.35
21.8916,20.4494,18.0967,17.5512,16.7930,16.7516,2.45
21.8281,20.5509,18.2040,17.5796,16.7903,16.7177,2.55
22.1295,20.7587,18.2782,17.6899,16.7979,16.7263,2.65
22.1732,20.7359,18.3944,17.7187,16.7983,16.7229,2.75
22.4956,21.0163,18.4822,17.7314,16.7805,16.7224,2.85
22.6329,21.0459,18.5886,17.8326,16.8324,16.7282,2.95
22.6525,21.1111,18.7011,17.8770,16.8483,16.7383,3.05
22.9762,21.3166,18.7382,17.9451,16.8712,16.7545,3.15
23.0127,21.4477,18.8423,18.0061,16.8986,16.7475,3.25
23.1030,21.4028,18.9193,18.0640,16.9411,16.7867,3.35
23.4814,21.6043,18.9923,18.1492,16.9835,16.8125,3.45
23.5293,21.7443,19.0639,18.1969,17.0370,16.8410,3.55
23.7600,21.7638,19.1225,18.2474,17.0867,16.8613,3.65
23.6657,21.9331,19.2398,18.3397,17.1506,16.8996,3.75
23.8808,22.1650,19.3247,18.3847,17.2264,16.9601,3.85
24.1559,22.2283,19.3473,18.3987,17.2998,17.0257,3.95
24.4484,22.1659,19.4381,18.4869,17.3358,17.0294,4.05
24.2226,22.4473,19.5389,18.5498,17.3943,17.0729,4.15
24.5038,22.4022,19.6426,18.6003,17.4954,17.1738,4.25
24.7440,22.6517,19.6419,18.6604,17.5603,17.2135,4.35
25.0979,22.7640,19.7297,18.6828,17.5919,17.2398,4.45
25.1044,22.7012,19.8487,18.7675,17.6536,17.2895,4.55
25.2828,23.0030,19.9187,18.7991,17.7148,17.3390,4.65
25.8424,22.9974,19.9644,18.8801,17.8130,17.4088,4.75
25.6668,23.1809,20.0009,18.9113,17.8430,17.4683,4.85
25.3334,23.2272,20.1073,18.9709,17.8161,17.4969,4.95
25.7290,23.2188,20.1826,19.0055,17.8864,17.5153,5.05
25.5961,23.3656,20.2797,19.0796,17.9449,17.5414,5.15
26.0859,23.6256,20.2832,19.1243,17.9986,17.5944,5.25
25.7607,23.4955,20.3183,19.1353,18.0782,17.6481,5.35
26.2266,23.6428,20.4150,19.1908,18.0661,17.6530,5.45
26.3415,23.7666,20.4563,19.2385,18.0709,17.7105,5.55
26.5988,23.7399,20.6290,19.3047,18.1254,17.7205,5.65
26.3355,23.9400,20.6334,19.3274,18.2053,17.7823,5.75
25.8867,24.0550,20.6527,19.3795,18.2768,17.7820,5.85
26.8054,24.0496,20.7877,19.4201,18.2416,17.8116,5.95
26.1941,24.1778,20.8285,19.4362,18.3059,17.8616,6.05
27.2210,24.0086,20.9546,19.5021,18.2956,17.8424,6.15
26.5306,24.2613,20.8629,19.5516,18.3728,17.8927,6.25
27.4242,24.1703,20.9824,19.6079,18.4322,17.9245,6.35
28.0245,24.3926,21.0176,19.6221,18.4608,17.9603,6.45
27.5821,24.6632,21.0750,19.6386,18.4922,17.9909,6.55
27.3660,24.5147,21.1099,19.6798,18.5051,18.0221,6.65
27.2873,24.4124,21.1168,19.7375,18.5404,18.0291,6.75
27.2641,24.4383,21.1955,19.7227,18.5304,18.0590,6.85
28.5951,24.8567,21.3711,19.7891,18.5723,18.1125,6.95
27.4248,24.7044,21.2815,19.8174,18.6653,18.1261,7.05
31.9635,24.6968,21.3684,19.9150,18.6620,18.1625,7.15
26.7859,24.8334,21.3216,19.8935,18.7101,18.1817,7.25
27.6654,25.1780,21.4270,19.8958,18.7627,18.1937,7.35
27.7789,24.7959,21.5163,19.9411,18.7480,18.2034,7.45
29.1648,25.1190,21.4934,20.0058,18.7517,18.2649,7.55
29.5397,25.0534,21.5794,20.0583,18.8359,18.2890,7.65
27.8372,25.0231,21.5877,20.1287,18.8586,18.2937,7.75
30.2803,25.0031,21.6986,20.1398,18.9108,18.3226,7.85
-9999.0000,25.0867,21.6761,20.1403,18.9319,18.3523,7.95
-9999.0000,25.0099,21.7989,20.1222,18.9706,18.4007,8.05
28.4049,24.9331,21.7272,20.1836,19.0050,18.4325,8.15
-9999.0000,25.3457,21.8144,20.2115,18.9994,18.4307,8.25
-9999.0000,25.3635,21.8728,20.2583,18.9847,18.4656,8.35
27.9350,25.4732,21.9113,20.3112,19.0838,18.5068,8.45
-9999.0000,25.3212,21.8347,20.2907,19.1122,18.5188,8.55
28.1418,25.3776,21.9311,20.3960,19.0790,18.5498,8.65
28.8197,25.1884,21.9362,20.3868,19.1375,18.5734,8.75
-9999.0000,25.3709,21.9906,20.4103,19.1782,18.5974,8.85
29.0158,25.4515,21.9924,20.4120,19.1876,18.6082,8.95
