u,g,r,i,z,y,time
26.0414,25.4949,25.6147,25.8950,26.1667,26.3471,0.05
25.0464,24.6685,24.8690,25.2734,25.5482,25.7859,0.15
24.8365,24.4227,24.5674,24.9335,25.2320,25.4481,0.25
24.8481,24.3333,24.4117,24.7242,25.0160,25.2293,0.35
25.0359,24.3188,24.3250,24.5682,24.8433,25.0620,0.45
25.3566,24.3614,24.2626,24.4838,24.7516,24.9300,0.55
25.7696,24.4921,24.2268,24.4168,24.6613,24.8304,0.65
26.2582,24.7018,24.1676,24.3601,24.6187,24.7194,0.75
26.7936,24.9987,24.1435,24.3108,24.5552,24.6371,0.85
27.2427,25.3277,24.1636,24.2701,24.5139,24.5712,0.95
27.6940,25.6433,24.2439,24.2404,24.4999,24.5205,1.05
28.0163,25.9045,24.3676,24.2165,24.4833,24.4769,1.15
28.3667,26.1696,24.5162,24.1863,24.4663,24.4658,1.25
28.7058,26.3835,24.6635,24.1822,24.4724,24.4390,1.35
28.8707,26.5386,24.8577,24.2203,24.4931,24.4415,1.45
29.0814,26.7448,25.0517,24.2836,24.5223,24.4649,1.55
29.3239,26.9217,25.2713,24.3360,24.5349,24.4545,1.65
29.4835,27.0348,25.5020,24.4568,24.6003,24.5372,1.75
29.8803,27.2695,25.7730,24.5149,24.6321,24.5296,1.85
30.0847,27.3943,25.9660,24.6353,24.6895,24.5777,1.95
30.4295,27.6489,26.1912,24.7312,24.7940,24.5808,2.05
30.6265,27.8362,26.3511,24.8674,24.8823,24.6321,2.15
31.1135,28.0746,26.5614,24.9858,24.9757,24.6388,2.25
31.2388,28.2946,26.7936,25.2555,25.1381,24.7276,2.35
31.6677,28.4515,26.9238,25.3297,25.1588,24.7351,2.45
31.9186,28.7210,27.1206,25.5518,25.3133,24.8228,2.55
32.0349,28.9009,27.2348,25.7412,25.4205,24.9213,2.65
32.7119,29.1403,27.4399,25.8081,25.4577,24.9354,2.75
32.6127,29.3217,27.5945,26.0044,25.5980,25.0889,2.85
32.7121,29.3927,27.6904,26.1195,25.6609,25.1615,2.95
33.1078,29.5925,27.8002,26.1782,25.7084,25.1884,3.05
34.1916,29.8089,27.9213,26.3400,25.8302,25.2832,3.15
33.5794,29.9156,28.0292,26.3700,25.8630,25.3581,3.25
33.9388,30.0999,28.1055,26.4346,25.9192,25.3848,3.35
33.8343,30.3071,28.2528,26.5190,25.9726,25.4569,3.45
34.1339,30.2834,28.2535,26.5792,26.0478,25.4931,3.55
34.7824,30.4178,28.3042,26.6021,26.0581,25.5345,3.65
34.7449,30.5101,28.4542,26.6784,26.1029,25.5982,3.75
35.1372,30.5828,28.4715,26.7493,26.1689,25.6320,3.85
34.4957,30.4836,28.5137,26.7826,26.1702,25.6476,3.95
34.7584,30.8097,28.5655,26.8004,26.1969,25.6823,4.05
34.4124,30.8555,28.7036,26.8636,26.2576,25.7152,4.15
34.9440,30.8765,28.6880,26.9094,26.3027,25.7800,4.25
35.2275,30.8487,28.6668,26.9323,26.3127,25.7884,4.35
35.5243,30.9652,28.6924,26.9447,26.3262,25.8016,4.45
35.4386,31.0503,28.7638,26.9886,26.3509,25.8420,4.55
35.2200,31.2103,28.8973,27.0696,26.4136,25.8725,4.65
35.3583,31.2131,28.7936,27.0880,26.4132,25.8894,4.75
35.5576,31.1208,28.7807,27.0902,26.4286,25.9187,4.85
34.8289,31.2365,28.8629,27.1252,26.4275,25.9283,4.95
35.2013,31.2750,28.9701,27.1637,26.4698,25.9583,5.05
35.4445,31.3685,29.0000,27.1911,26.5316,25.9924,5.15
35.4627,31.3667,28.9400,27.2405,26.5302,26.0178,5.25
36.2764,31.4470,28.9233,27.2237,26.5477,26.0434,5.35
35.3451,31.4518,28.9878,27.2426,26.5551,26.0661,5.45
35.9090,31.6209,29.1404,27.2906,26.5937,26.0944,5.55
35.6248,31.5753,29.0986,27.3487,26.6405,26.0896,5.65
36.6971,31.6040,29.0507,27.3570,26.6268,26.1263,5.75
35.7754,31.5131,29.0890,27.3751,26.6196,26.1448,5.85
37.1207,31.5821,29.1323,27.3801,26.6727,26.1705,5.95
45.1819,31.6643,29.1572,27.4626,26.6849,26.1873,6.05
35.8754,31.7671,29.2573,27.4292,26.7392,26.2189,6.15
36.5113,31.7354,29.2619,27.4901,26.7319,26.2308,6.25
36.6337,31.6805,29.1792,27.5001,26.7352,26.2467,6.35
35.9152,31.7082,29.2723,27.5307,26.7654,26.2725,6.45
36.6119,32.0901,29.1999,27.5046,26.7958,26.2850,6.55
36.6353,31.9256,29.2331,27.5258,26.8193,26.3160,6.65
35.4048,32.0226,29.3667,27.5831,26.8368,26.3473,6.75
37.1669,32.0306,29.3849,27.6148,26.8579,26.3634,6.85
39.5385,32.0182,29.3962,27.6251,26.8902,26.4158,6.95
35.3087,31.9238,29.3897,27.6808,26.9080,26.3961,7.05
36.9692,32.0330,29.4020,27.6569,26.9023,26.4071,7.15
37.8652,31.9587,29.4707,27.6959,26.9281,26.4361,7.25
37.4518,32.2141,29.4342,27.6900,26.9659,26.5135,7.35
36.6301,32.1233,29.5266,27.7190,27.0019,26.5115,7.45
36.5825,32.1058,29.5769,27.7806,26.9964,26.5259,7.55
37.9575,32.3024,29.5989,27.7721,27.0045,26.5388,7.65
38.1028,32.3326,29.5672,27.8401,27.0165,26.5951,7.75
38.3804,32.3513,29.5179,27.8338,27.0735,26.5644,7.85
-9999.0000,32.3936,29.6212,27.8869,27.0855,26.6419,7.95
-9999.0000,32.4136,29.5362,27.9096,27.1487,26.6475,8.05
37.1755,32.6188,29.5748,27.8807,27.1287,26.6721,8.15
37.2682,32.5445,29.6733,27.9295,27.1707,26.6655,8.25
37.1169,32.5666,29.7409,27.9738,27.1510,26.6944,8.35
36.6948,32.6202,29.7435,27.9831,27.1953,26.7232,8.45
36.5770,32.6048,29.6735,28.0143,27.2122,26.7180,8.55
38.1004,32.4849,29.7916,28.0672,27.2617,26.7339,8.65
36.7229,32.5836,29.7205,28.0603,27.2652,26.7861,8.75
38.4043,32.6117,29.7782,28.1042,27.3324,26.8000,8.85
37.2884,32.5879,29.7817,28.1051,27.3432,26.8351,8.95
