u,g,r,i,z,y,time
29.0125,27.9629,27.9290,28.0996,28.3690,28.6125,0.05
28.1572,27.0249,27.1278,27.3765,27.7091,27.9696,0.15
27.9528,26.6972,26.7665,27.0049,27.3376,27.6310,0.25
28.0091,26.5976,26.5646,26.7479,27.0497,27.3921,0.35
28.2234,26.6377,26.4220,26.5662,26.8655,27.2131,0.45
28.5075,26.7314,26.3370,26.4625,26.6923,27.0438,0.55
28.8081,26.8784,26.3167,26.4106,26.5941,26.9618,0.65
29.2424,27.0183,26.2998,26.3579,26.5186,26.8684,0.75
29.7028,27.1905,26.3297,26.3284,26.4802,26.8186,0.85
30.1086,27.4000,26.3848,26.2822,26.4619,26.7724,0.95
30.4087,27.6265,26.4924,26.2576,26.4372,26.7607,1.05
30.7119,27.8587,26.6468,26.2280,26.4094,26.7370,1.15
30.9174,28.1763,26.8451,26.2444,26.4080,26.7349,1.25
31.2837,28.5007,27.0724,26.2817,26.3935,26.7580,1.35
31.5101,28.7794,27.2758,26.3498,26.3835,26.7636,1.45
31.7149,29.1364,27.5374,26.4620,26.3921,26.7924,1.55
32.1650,29.4693,27.7639,26.5741,26.3926,26.7772,1.65
32.4537,29.6908,27.9424,26.7039,26.4199,26.7666,1.75
32.8404,30.0383,28.1862,26.8330,26.4533,26.7220,1.85
32.9842,30.1987,28.3311,26.9317,26.5150,26.6832,1.95
33.4680,30.4580,28.5462,27.0709,26.5877,26.6430,2.05
33.6641,30.5908,28.6501,27.1933,26.6994,26.6299,2.15
34.1989,30.8671,28.8432,27.3136,26.7602,26.5956,2.25
34.1747,30.9821,28.9578,27.4868,26.9055,26.6614,2.35
34.5325,31.1860,29.0788,27.6043,26.9343,26.6559,2.45
34.8311,31.4313,29.2848,27.8069,27.0752,26.7097,2.55
34.8763,31.4708,29.2879,27.9189,27.1548,26.7680,2.65
35.8047,31.7844,29.4353,28.0753,27.2227,26.7965,2.75
35.1743,31.8453,29.5381,28.2549,27.3132,26.8915,2.85
35.7734,31.9550,29.5672,28.3474,27.3564,26.9260,2.95
35.7599,32.2225,29.7221,28.5239,27.4123,26.9804,3.05
35.9981,32.2883,29.7745,28.6972,27.4869,27.0559,3.15
37.4703,32.4121,29.8408,28.7844,27.5150,27.0947,3.25
36.5316,32.6311,30.0185,28.9260,27.5708,27.1448,3.35
37.5858,32.7295,30.0725,29.0594,27.7023,27.2401,3.45
37.3486,32.7728,30.1121,29.0902,27.7407,27.2734,3.55
38.6781,32.9956,30.1550,29.1654,27.7855,27.3213,3.65
37.2290,33.0886,30.3278,29.2764,27.8658,27.3888,3.75
37.4741,33.1500,30.3567,29.3896,27.9811,27.5101,3.85
37.2434,33.2648,30.3990,29.4235,28.0153,27.5562,3.95
38.0794,33.3938,30.5028,29.4780,28.0592,27.5814,4.05
38.0039,33.5044,30.5683,29.5302,28.1168,27.6542,4.15
38.2101,33.4646,30.6753,29.6084,28.1965,27.7277,4.25
38.9228,33.7085,30.6689,29.6275,28.2362,27.7705,4.35
38.3725,33.8447,30.7131,29.6455,28.2669,27.8233,4.45
38.3484,33.8392,30.7959,29.7631,28.3572,27.8695,4.55
40.4504,33.8896,30.8931,29.7845,28.3436,27.9317,4.65
-9999.0000,34.0410,30.8943,29.7974,28.4080,27.9590,4.75
44.1484,34.0794,30.8831,29.8306,28.4120,27.9988,4.85
37.7452,34.1498,30.9268,29.8756,28.4364,28.0090,4.95
38.8288,34.1802,31.0426,29.9156,28.5292,28.0957,5.05
39.1122,34.3100,31.0362,29.9620,28.5607,28.1372,5.15
38.6441,34.4010,31.1079,29.9929,28.5709,28.1389,5.25
-9999.0000,34.4149,31.1042,29.9705,28.5577,28.1899,5.35
38.3777,34.1987,31.1531,30.0116,28.5934,28.1899,5.45
38.9594,34.5325,31.2087,30.0592,28.6478,28.2428,5.55
-9999.0000,34.7558,31.2908,30.1133,28.6408,28.2710,5.65
39.1101,34.6396,31.2184,30.0818,28.7047,28.2906,5.75
42.3878,34.5106,31.2656,30.0400,28.6582,28.3274,5.85
-9999.0000,34.7758,31.3132,30.0706,28.7058,28.3440,5.95
39.6314,34.4867,31.3359,30.1379,28.7199,28.4033,6.05
-9999.0000,34.7977,31.3850,30.1799,28.7337,28.4270,6.15
-9999.0000,34.7283,31.4299,30.2035,28.7888,28.4520,6.25
-9999.0000,34.6714,31.4191,30.1895,28.7852,28.4750,6.35
-9999.0000,34.8431,31.4401,30.2189,28.8520,28.4947,6.45
-9999.0000,34.8607,31.4345,30.1705,28.7994,28.4904,6.55
-9999.0000,34.9654,31.4528,30.2400,28.8208,28.5406,6.65
39.6597,34.8106,31.5295,30.3207,28.8814,28.5793,6.75
-9999.0000,35.1310,31.6273,30.3460,28.8882,28.5892,6.85
-9999.0000,34.9650,31.5343,30.3129,28.8909,28.6194,6.95
39.1842,34.9065,31.4689,30.3493,28.8963,28.6313,7.05
-9999.0000,35.0076,31.5969,30.3053,28.9273,28.6804,7.15
-9999.0000,35.0802,31.6511,30.3595,28.9010,28.6594,7.25
41.3271,35.1655,31.6339,30.3871,28.9422,28.6864,7.35
40.5390,35.0824,31.6958,30.4553,28.9789,28.7005,7.45
39.2250,35.2717,31.7846,30.4842,29.0018,28.7448,7.55
-9999.0000,35.1607,31.7847,30.4921,29.0424,28.7679,7.65
-9999.0000,35.3389,31.7174,30.4342,29.0370,28.7992,7.75
39.2120,35.0179,31.7453,30.4274,29.0714,28.8363,7.85
-9999.0000,35.3266,31.7623,30.4635,29.0565,28.8038,7.95
-9999.0000,35.2804,31.7438,30.5346,29.0557,28.8471,8.05
-9999.0000,35.3706,31.8385,30.5475,29.0753,28.9076,8.15
-9999.0000,35.4459,31.9017,30.6077,29.1322,28.9005,8.25
41.9281,35.5363,31.9433,30.6248,29.1346,28.9373,8.35
39.4790,35.8098,31.9375,30.6130,29.1590,28.9393,8.45
-9999.0000,35.3638,31.9418,30.5712,29.1636,28.9707,8.55
-9999.0000,35.4246,31.8912,30.5802,29.1805,28.9880,8.65
-9999.0000,35.6296,31.9375,30.5621,29.1541,28.9919,8.75
-9999.0000,35.4791,32.0002,30.6218,29.2114,29.0342,8.85
-9999.0000,35.3895,32.0498,30.6330,29.1871,29.0777,8.95
