u,g,r,i,z,y,time
27.7082,27.2487,27.4079,27.6169,27.9982,28.1259,0.05
26.7402,26.3763,26.6322,26.9263,27.3682,27.4954,0.15
26.4601,26.0199,26.2742,26.5490,27.0204,27.1418,0.25
26.4915,25.8727,26.0441,26.3029,26.7766,26.9211,0.35
26.6744,25.8327,25.8699,26.1027,26.5911,26.7463,0.45
27.0361,25.8454,25.7611,25.9591,26.4309,26.5678,0.55
27.4613,25.9270,25.7158,25.9060,26.3035,26.4676,0.65
27.9883,26.0096,25.6640,25.8349,26.2057,26.3684,0.75
28.4776,26.1339,25.6340,25.7941,26.1446,26.3249,0.85
28.8966,26.3238,25.6205,25.7485,26.1151,26.2705,0.95
29.2210,26.5491,25.6339,25.7242,26.1054,26.2511,1.05
29.4801,26.8159,25.7043,25.7232,26.1005,26.2271,1.15
29.7475,27.1270,25.8260,25.7015,26.1032,26.2332,1.25
30.0097,27.4541,25.9994,25.6949,26.1252,26.2509,1.35
30.2400,27.7293,26.1844,25.7109,26.1580,26.2780,1.45
30.5975,28.0526,26.4531,25.7325,26.1647,26.3095,1.55
30.9643,28.4164,26.6908,25.7755,26.1382,26.3067,1.65
31.2839,28.6162,26.9086,25.8386,26.0941,26.3012,1.75
31.6619,28.9704,27.1710,25.9560,26.0374,26.2760,1.85
31.8537,29.1275,27.3166,26.0489,25.9972,26.2151,1.95
32.2882,29.4078,27.5308,26.1764,25.9528,26.1568,2.05
32.5913,29.5339,27.6462,26.3236,25.9741,26.1383,2.15
33.0296,29.8297,27.8328,26.4185,25.9491,26.0615,2.25
33.0216,29.9463,27.9380,26.6113,26.0610,26.0641,2.35
33.4973,30.2295,28.0822,26.6624,26.0882,26.0406,2.45
33.6952,30.3967,28.2194,26.8145,26.1699,26.0615,2.55
33.8521,30.4875,28.2950,26.9223,26.2593,26.1002,2.65
34.5603,30.7314,28.4410,26.9618,26.2841,26.1173,2.75
34.3427,30.8014,28.4905,27.0812,26.3631,26.1803,2.85
34.9230,30.8753,28.5231,27.1159,26.3988,26.2414,2.95
35.0162,31.1496,28.6739,27.1674,26.4686,26.2714,3.05
34.7839,31.1644,28.7275,27.2585,26.5352,26.3569,3.15
35.3843,31.3358,28.7597,27.2927,26.5615,26.4015,3.25
35.9842,31.4618,28.8453,27.3235,26.5929,26.4556,3.35
35.4360,31.5225,28.9062,27.3895,26.6632,26.5346,3.45
35.6604,31.5192,28.9143,27.4209,26.6747,26.5916,3.55
35.5968,31.6204,28.9754,27.4534,26.7253,26.6361,3.65
35.7899,31.8213,29.0347,27.5125,26.7702,26.7379,3.75
36.0537,31.7194,29.0568,27.5274,26.8005,26.7832,3.85
35.9606,31.8362,29.0762,27.5570,26.8206,26.8507,3.95
36.4865,31.9392,29.0765,27.5567,26.8575,26.8803,4.05
37.1628,31.9833,29.1312,27.5999,26.8928,27.0114,4.15
36.8505,31.9332,29.1874,27.6240,26.9112,27.0715,4.25
37.0206,32.0436,29.1372,27.6293,26.9244,27.1325,4.35
36.5345,32.1188,29.1699,27.6514,26.9687,27.1851,4.45
36.4980,32.0994,29.2435,27.6766,27.0118,27.2632,4.55
37.0415,32.1107,29.2573,27.7032,27.0353,27.3424,4.65
35.9783,32.2320,29.2203,27.6947,27.0334,27.3900,4.75
37.5789,32.1649,29.2482,27.7273,27.0385,27.4489,4.85
36.7286,32.3220,29.2591,27.7161,27.0777,27.5317,4.95
37.2376,32.4858,29.2929,27.7576,27.1200,27.6114,5.05
37.4684,32.4526,29.3270,27.7495,27.1397,27.6938,5.15
36.9217,32.2952,29.3411,27.7652,27.1407,27.6988,5.25
39.0368,32.2758,29.3112,27.7683,27.1638,27.7344,5.35
38.6134,32.5592,29.3240,27.7640,27.1948,27.8353,5.45
36.9169,32.4855,29.3770,27.7839,27.2167,27.9722,5.55
36.7365,32.5678,29.3944,27.8120,27.2460,27.9626,5.65
38.6377,32.4782,29.3847,27.8086,27.2519,28.0126,5.75
38.1358,32.4889,29.3752,27.8106,27.2687,28.0313,5.85
37.3509,32.5834,29.3650,27.8149,27.2893,28.1323,5.95
37.8986,32.6004,29.3826,27.8188,27.2997,28.2310,6.05
37.0816,32.6214,29.4375,27.8623,27.3308,28.3366,6.15
37.5697,32.4799,29.4921,27.8749,27.3427,28.3790,6.25
38.0113,32.6190,29.4363,27.8752,27.3720,28.3783,6.35
37.3692,32.7585,29.4537,27.8843,27.3612,28.4360,6.45
37.1784,32.5977,29.4427,27.8842,27.3752,28.4771,6.55
38.2007,32.7438,29.4795,27.8958,27.4125,28.5814,6.65
37.1103,32.7284,29.5032,27.9313,27.4540,28.6787,6.75
38.5011,32.7577,29.5326,27.9341,27.4840,28.7484,6.85
37.7776,32.6859,29.5258,27.9595,27.4672,28.7314,6.95
37.3696,32.6310,29.5348,27.9692,27.4788,28.8069,7.05
38.0172,32.7169,29.5243,27.9659,27.5192,28.8589,7.15
38.2093,32.8986,29.5337,27.9762,27.5272,28.9278,7.25
37.3705,32.9863,29.5979,27.9812,27.5380,29.0685,7.35
37.5314,32.8853,29.6064,28.0137,27.5881,29.1241,7.45
37.1896,32.8818,29.5868,28.0446,27.6247,29.1760,7.55
37.8775,32.8357,29.6218,28.0611,27.6252,29.1755,7.65
37.8384,32.8936,29.6418,28.0577,27.6169,29.2141,7.75
37.9031,32.8802,29.6268,28.0632,27.6286,29.2898,7.85
40.5146,32.9864,29.6281,28.0876,27.6598,29.3712,7.95
38.6844,33.0514,29.6565,28.0783,27.6818,29.4637,8.05
37.7549,33.0844,29.6569,28.1127,27.7195,29.5511,8.15
37.2332,32.9888,29.7049,28.1013,27.7060,29.5381,8.25
37.6561,33.0764,29.7568,28.1498,27.7706,29.5990,8.35
37.7946,33.0401,29.7208,28.1679,27.7782,29.6797,8.45
38.7812,33.0646,29.7377,28.1781,27.7643,29.7300,8.55
39.4573,33.1022,29.7688,28.1859,27.8098,29.7909,8.65
38.1670,33.1190,29.7666,28.1829,27.8194,29.8385,8.75
37.6952,33.0373,29.7875,28.2250,27.8375,29.8981,8.85
38.4784,33.1809,29.7990,28.2504,27.8665,30.0707,8.95
