u,g,r,i,z,y,time
30.0609,28.9340,27.8571,27.3024,26.8467,26.6368,0.05
31.8266,29.9963,28.4611,27.5345,26.7493,26.2533,0.15
33.1675,30.7579,28.6081,27.7758,26.8103,26.1647,0.25
34.4883,31.2845,29.0642,27.8675,26.8030,26.1497,0.35
34.4461,31.3385,29.2611,27.9849,26.7564,26.1745,0.45
34.7167,32.1593,29.3346,28.0546,26.8633,26.1672,0.55
37.5468,32.2945,29.4495,28.1860,26.8053,26.0936,0.65
34.8139,32.5248,29.6576,28.2208,26.8059,26.1024,0.75
35.1692,32.5055,29.7454,28.3241,26.7882,26.0611,0.85
-9999.0000,32.6605,29.8027,28.3401,26.8303,26.0270,0.95
35.6232,33.1154,30.0147,28.3331,26.8550,26.0108,1.05
-9999.0000,33.2162,30.1083,28.3983,26.9413,26.0379,1.15
-9999.0000,33.1613,30.0413,28.5193,26.9540,26.0740,1.25
35.8719,33.6325,30.1242,28.5172,27.0596,26.0867,1.35
-9999.0000,33.5521,30.3383,28.6371,27.0784,26.0680,1.45
35.6452,33.6071,30.4650,28.7218,27.1144,26.1521,1.55
-9999.0000,33.7576,30.5794,28.7148,27.2365,26.1648,1.65
40.3788,33.7380,30.6685,28.8220,27.2796,26.2243,1.75
-9999.0000,34.8151,30.6562,28.8872,27.3830,26.2489,1.85
-9999.0000,34.2982,30.8204,28.9644,27.4692,26.3396,1.95
35.8500,34.0483,31.1958,28.9750,27.4849,26.3584,2.05
-9999.0000,34.5649,31.1018,29.1186,27.6207,26.4130,2.15
35.3517,34.1422,31.0344,29.1532,27.6195,26.4295,2.25
-9999.0000,34.1072,31.3440,29.2247,27.7612,26.5199,2.35
-9999.0000,36.1222,31.3244,29.3284,27.7922,26.6069,2.45
-9999.0000,34.9337,31.3533,29.2943,27.8647,26.5909,2.55
-9999.0000,34.7285,31.6216,29.4416,27.9239,26.7040,2.65
-9999.0000,35.6133,31.7560,29.5476,27.9915,26.8052,2.75
-9999.0000,35.0762,31.5907,29.4964,28.1229,26.7714,2.85
36.0487,34.9815,31.5154,29.6264,28.1706,26.8797,2.95
-9999.0000,34.5201,31.6836,29.6314,28.1562,26.8969,3.05
-9999.0000,34.7373,31.8001,29.7499,28.3069,26.9222,3.15
39.9421,34.7808,31.9041,29.7529,28.2926,26.9932,3.25
-9999.0000,35.2631,31.7692,29.7735,28.3784,27.0519,3.35
-9999.0000,34.8469,31.8180,29.7821,28.4399,27.1050,3.45
-9999.0000,34.8962,32.1008,29.9603,28.4933,27.1389,3.55
-9999.0000,36.7414,32.0061,30.0849,28.4816,27.1590,3.65
-9999.0000,35.4314,32.3535,29.9079,28.6115,27.3003,3.75
-9999.0000,35.5957,32.1908,29.8468,28.6903,27.3455,3.85
-9999.0000,36.0765,32.4264,30.0321,28.7342,27.3917,3.95
-9999.0000,35.5598,32.5690,30.1534,28.8922,27.4523,4.05
-9999.0000,35.2815,31.8964,30.0542,28.8205,27.4732,4.15
-9999.0000,35.1288,32.4432,30.2912,28.9508,27.5320,4.25
-9999.0000,36.0817,32.4700,30.3146,29.0367,27.6113,4.35
-9999.0000,35.1996,32.4646,30.2473,29.0594,27.6264,4.45
-9999.0000,35.0213,32.3836,30.3365,29.1024,27.6544,4.55
-9999.0000,35.9139,32.4896,30.4819,29.2096,27.7930,4.65
-9999.0000,35.5762,32.5477,30.3070,29.1604,27.7689,4.75
-9999.0000,35.5489,32.9417,30.6168,29.2339,27.8152,4.85
-9999.0000,35.6768,33.2879,30.5276,29.2818,27.8646,4.95
-9999.0000,35.3813,32.7208,30.5950,29.2163,27.9546,5.05
-9999.0000,36.7576,32.8271,30.5733,29.1554,27.9868,5.15
-9999.0000,35.1291,33.0391,30.4206,29.2001,28.0269,5.25
-9999.0000,36.0649,32.7057,30.6322,29.2936,28.1149,5.35
-9999.0000,36.4575,32.8085,30.6680,29.3186,28.2094,5.45
-9999.0000,37.1261,32.8239,30.6695,29.4020,28.1402,5.55
-9999.0000,36.3037,33.0108,30.6441,29.4379,28.2807,5.65
-9999.0000,36.4980,32.9426,30.6854,29.5113,28.3695,5.75
-9999.0000,35.4549,32.7836,30.8041,29.5791,28.3453,5.85
-9999.0000,35.2042,32.5615,30.6438,29.3758,28.3727,5.95
-9999.0000,36.0441,32.6904,30.7599,29.4049,28.4056,6.05
-9999.0000,36.4219,32.9074,30.9191,29.5007,28.4753,6.15
-9999.0000,36.8827,32.9417,30.8796,29.5208,28.5899,6.25
-9999.0000,37.2397,32.7413,31.0546,29.5428,28.5650,6.35
-9999.0000,37.5092,32.7968,30.9481,29.5334,28.6517,6.45
-9999.0000,37.0351,32.6154,30.9265,29.6388,28.6254,6.55
-9999.0000,37.3914,33.0403,30.8776,29.5216,28.6468,6.65
-9999.0000,36.9503,32.8263,31.0243,29.6116,28.7397,6.75
-9999.0000,35.6862,33.0182,30.8181,29.5987,28.7402,6.85
-9999.0000,36.5806,33.0207,30.9470,29.5801,28.7082,6.95
-9999.0000,35.8163,33.0673,31.0359,29.7195,28.7549,7.05
-9999.0000,37.5333,32.9323,31.0266,29.6139,28.7332,7.15
45.1581,37.5963,32.9542,30.9801,29.5487,28.8032,7.25
-9999.0000,35.7402,33.0203,30.9865,29.6546,28.8510,7.35
-9999.0000,37.4235,32.9670,31.0528,29.6139,28.8875,7.45
-9999.0000,36.1916,32.9492,31.0469,29.7333,28.8330,7.55
-9999.0000,36.3260,32.9348,30.9779,29.7563,28.8991,7.65
-9999.0000,37.0091,32.9233,30.9980,29.7272,28.9359,7.75
-9999.0000,36.8001,33.0610,31.2933,29.6391,28.9587,7.85
-9999.0000,36.0696,33.0437,31.1518,29.6571,29.0640,7.95
-9999.0000,36.1743,33.2555,31.0567,29.6978,28.9989,8.05
-9999.0000,36.1864,32.9305,31.2686,29.5440,28.9199,8.15
-9999.0000,38.5763,32.8198,31.2472,29.7634,28.9853,8.25
-9999.0000,37.8446,32.9953,31.1387,29.8405,29.0118,8.35
-9999.0000,37.0462,32.9882,31.2155,29.7449,29.0360,8.45
-9999.0000,36.4109,33.1911,31.3018,29.7429,29.0531,8.55
-9999.0000,36.8409,33.1415,31.2859,29.8183,29.0677,8.65
-9999.0000,36.7036,33.0439,31.2814,29.7838,29.1051,8.75
-9999.0000,36.0399,33.1637,31.2657,29.8692,29.0519,8.85
-9999.0000,37.5022,33.2675,31.2672,29.8093,29.0664,8.95
