u,g,r,i,z,y,time
31.5034,28.8841,27.0292,26.8720,27.1274,27.3806,0.05
31.7767,29.1002,27.0459,26.6903,27.0522,27.3901,0.15
32.9597,29.7879,27.8721,26.8049,27.0853,27.5845,0.25
33.8401,30.2984,28.4285,27.0895,26.8563,27.2625,0.35
34.3886,30.6859,28.7594,27.4089,26.8716,26.9923,0.45
34.6579,31.0115,29.0088,27.6827,27.0420,26.9818,0.55
34.9575,31.2648,29.1902,27.8973,27.2425,27.1250,0.65
35.1076,31.4134,29.3470,28.0705,27.4204,27.3345,0.75
35.1974,31.5768,29.4473,28.2153,27.5860,27.5541,0.85
35.1441,31.6940,29.5532,28.3407,27.7439,27.7575,0.95
35.3845,31.8095,29.6509,28.4414,27.8646,27.9342,1.05
35.5693,31.9095,29.7279,28.5392,27.9851,28.0827,1.15
35.4528,31.9717,29.8336,28.6310,28.0788,28.2169,1.25
35.5695,32.0390,29.8955,28.7244,28.1841,28.3351,1.35
35.5207,32.1283,29.9699,28.7923,28.2705,28.4446,1.45
35.8085,32.1598,30.0319,28.8650,28.3468,28.5402,1.55
35.8738,32.2375,30.0923,28.9364,28.4343,28.6367,1.65
35.8727,32.2491,30.1519,29.0124,28.5120,28.7324,1.75
35.8623,32.3446,30.2315,29.0754,28.6002,28.8172,1.85
35.7793,32.3581,30.2809,29.1460,28.6738,28.9123,1.95
35.8734,32.3777,30.3192,29.1978,28.7508,28.9936,2.05
35.9889,32.4142,30.3860,29.2606,28.8204,29.0754,2.15
36.0548,32.4543,30.4082,29.3164,28.9049,29.1676,2.25
36.0775,32.5001,30.4644,29.3728,28.9785,29.2668,2.35
36.2083,32.5218,30.5206,29.4355,29.0623,29.3381,2.45
36.3791,32.5480,30.5854,29.4898,29.1357,29.4260,2.55
36.0812,32.6091,30.6246,29.5499,29.1908,29.5219,2.65
36.4051,32.6187,30.6691,29.5825,29.2595,29.5937,2.75
36.1413,32.6383,30.7241,29.6543,29.3230,29.6812,2.85
36.5057,32.6889,30.7457,29.7018,29.4073,29.7913,2.95
36.2673,32.7192,30.7992,29.7569,29.4652,29.8747,3.05
36.4937,32.7088,30.8463,29.8187,29.5318,29.9486,3.15
36.4768,32.7495,30.8995,29.8625,29.5960,30.0177,3.25
36.5536,32.7637,30.9371,29.9221,29.6699,30.1028,3.35
36.5418,32.7943,30.9875,29.9847,29.7337,30.1633,3.45
36.5646,32.8237,31.0457,30.0100,29.8046,30.2549,3.55
36.8363,32.8372,31.0633,30.0708,29.8490,30.3280,3.65
36.7198,32.8542,31.1144,30.1294,29.9213,30.3991,3.75
36.7488,32.8776,31.1590,30.1541,29.9805,30.4643,3.85
36.9880,32.9170,31.2020,30.2237,30.0518,30.5418,3.95
36.8173,32.9531,31.2185,30.2697,30.0625,30.5871,4.05
36.9939,32.9488,31.2687,30.3213,30.1367,30.6542,4.15
36.9192,32.9740,31.3126,30.3652,30.1956,30.7433,4.25
36.9407,33.0112,31.3570,30.4212,30.2568,30.8454,4.35
36.8548,33.0414,31.3802,30.4569,30.3038,30.8671,4.45
36.8925,33.0428,31.4310,30.5228,30.3730,30.9010,4.55
37.1289,33.0730,31.4516,30.5652,30.4453,30.9918,4.65
36.8082,33.0797,31.5004,30.5992,30.4702,31.0360,4.75
37.0670,33.0997,31.5276,30.6628,30.5210,31.1212,4.85
37.1798,33.1308,31.5713,30.7070,30.5818,31.1534,4.95
37.2419,33.1679,31.6090,30.7595,30.6328,31.2227,5.05
37.3063,33.1344,31.6433,30.8140,30.6831,31.3122,5.15
37.2860,33.1881,31.6690,30.8409,30.7448,31.3641,5.25
37.3516,33.2182,31.6850,30.8963,30.8061,31.3603,5.35
37.3191,33.2128,31.7293,30.9577,30.8316,31.4415,5.45
37.2000,33.2598,31.7800,30.9848,30.9034,31.4821,5.55
37.3043,33.2725,31.7991,31.0208,30.9479,31.5491,5.65
37.4233,33.3118,31.8306,31.0722,30.9740,31.6328,5.75
37.3972,33.3035,31.8557,31.1251,31.0489,31.6786,5.85
37.5435,33.3499,31.9009,31.1740,31.1051,31.6934,5.95
37.5288,33.3439,31.9169,31.2250,31.1595,31.7123,6.05
37.5940,33.4013,31.9440,31.2567,31.2122,31.7924,6.15
37.5607,33.3889,32.0026,31.2909,31.2424,31.8521,6.25
37.5908,33.4454,32.0059,31.3363,31.2903,31.9185,6.35
37.5589,33.4482,32.0306,31.3765,31.3515,31.9680,6.45
37.6912,33.4894,32.0712,31.4346,31.3917,32.0125,6.55
37.6548,33.4364,32.0772,31.4919,31.4293,32.0181,6.65
37.7208,33.5227,32.1090,31.5358,31.4873,32.0928,6.75
37.7711,33.5303,32.1525,31.5654,31.5344,32.1613,6.85
37.8855,33.5578,32.1832,31.6005,31.5766,32.2132,6.95
37.8622,33.5777,32.2167,31.6601,31.6359,32.2409,7.05
37.8179,33.5826,32.2101,31.6776,31.6571,32.2975,7.15
37.8225,33.6013,32.2491,31.7528,31.6864,32.3026,7.25
37.9919,33.6167,32.2729,31.7996,31.7679,32.3474,7.35
37.9819,33.6420,32.2816,31.8187,31.8213,32.3845,7.45
37.9572,33.6638,32.3043,31.8653,31.8479,32.4576,7.55
38.0691,33.6590,32.3669,31.8874,31.9192,32.5338,7.65
37.8565,33.7128,32.3779,31.9375,31.9565,32.5806,7.75
38.0026,33.7386,32.3746,31.9774,31.9912,32.5998,7.85
38.0290,33.7305,32.4284,32.0400,32.0529,32.6400,7.95
38.0801,33.7577,32.4428,32.0827,32.1029,32.6538,8.05
38.0572,33.7813,32.4628,32.1083,32.1060,32.6794,8.15
38.1481,33.7943,32.4883,32.1549,32.1839,32.7542,8.25
38.1109,33.8436,32.5119,32.1617,32.2210,32.7597,8.35
38.1206,33.8635,32.5387,32.2353,32.2501,32.8558,8.45
37.9872,33.8770,32.5713,32.2531,32.3225,32.8826,8.55
38.4780,33.8822,32.5686,32.2893,32.3374,32.9356,8.65
38.1360,33.9243,32.6135,32.3682,32.4197,32.9937,8.75
38.2607,33.9464,32.6335,32.4009,32.4515,32.9916,8.85
38.2385,33.9510,32.6394,32.4203,32.4985,33.0578,8.95
