u,g,r,i,z,y,time
16.9039,16.8059,17.2602,17.7395,18.1009,18.3519,0.05
16.8988,16.3426,16.7519,17.2523,17.6435,17.9396,0.15
17.3495,16.1450,16.4683,16.9507,17.3914,17.7030,0.25
17.9496,16.1044,16.3083,16.7527,17.2399,17.6001,0.35
18.3272,16.1839,16.2468,16.6552,17.1394,17.5554,0.45
18.5363,16.3349,16.2373,16.6137,17.1089,17.5442,0.55
18.7231,16.5075,16.2184,16.5873,17.0892,17.5275,0.65
18.8722,16.6767,16.2138,16.5459,17.0749,17.5190,0.75
19.0151,16.8344,16.2164,16.5058,16.9940,17.4694,0.85
19.1653,16.9804,16.2341,16.4385,16.8958,17.3819,0.95
19.2787,17.0898,16.2683,16.4146,16.7863,17.2556,1.05
19.3903,17.2067,16.3125,16.3803,16.6743,17.1189,1.15
19.4678,17.3019,16.3795,16.3905,16.6023,17.0274,1.25
19.5488,17.4047,16.4589,16.4081,16.5425,16.9199,1.35
19.5996,17.4986,16.5407,16.4412,16.5175,16.8626,1.45
19.6814,17.5819,16.6296,16.4763,16.5215,16.8252,1.55
19.7327,17.6694,16.7171,16.5339,16.5668,16.8104,1.65
19.7958,17.7343,16.8062,16.5862,16.6092,16.8121,1.75
19.8553,17.7968,16.8784,16.6417,16.6671,16.8247,1.85
19.9167,17.8704,16.9577,16.7150,16.7413,16.8661,1.95
19.9455,17.9322,17.0349,16.8036,16.8254,16.9432,2.05
20.0340,18.0049,17.0960,16.8716,16.8989,16.9899,2.15
20.0670,18.0515,17.1663,16.9410,16.9760,17.0897,2.25
20.1378,18.1128,17.2154,17.0280,17.0628,17.1790,2.35
20.1748,18.1669,17.2732,17.1030,17.1400,17.2712,2.45
20.1817,18.2028,17.3129,17.1729,17.2171,17.3575,2.55
20.2843,18.2675,17.3815,17.2482,17.3071,17.4518,2.65
20.2555,18.3091,17.4279,17.3177,17.3842,17.5262,2.75
20.3822,18.3705,17.4588,17.3869,17.4417,17.6087,2.85
20.3551,18.4286,17.5306,17.4421,17.5121,17.7024,2.95
20.4175,18.4661,17.5561,17.5067,17.5778,17.7552,3.05
20.4133,18.5089,17.6043,17.5469,17.6408,17.8164,3.15
20.4674,18.5560,17.6372,17.6023,17.7011,17.8904,3.25
20.4994,18.6155,17.6904,17.6578,17.7507,17.9706,3.35
20.5390,18.6504,17.7288,17.7124,17.8241,18.0117,3.45
20.6198,18.7082,17.7874,17.7537,17.8548,18.0823,3.55
20.6335,18.7376,17.8142,17.7984,17.9097,18.1488,3.65
20.6517,18.8018,17.8631,17.8395,17.9699,18.2190,3.75
20.7463,18.8472,17.9052,17.8935,18.0252,18.2761,3.85
20.7834,18.8760,17.9398,17.9294,18.0587,18.3398,3.95
20.7751,18.9233,17.9710,17.9601,18.1445,18.4365,4.05
20.8608,18.9628,18.0195,18.0131,18.1641,18.5081,4.15
20.9012,18.9911,18.0584,18.0606,18.2510,18.5342,4.25
20.9058,19.0440,18.0946,18.1024,18.2850,18.6372,4.35
20.9478,19.0859,18.1248,18.1284,18.3306,18.6733,4.45
20.9449,19.1175,18.1626,18.1754,18.3742,18.7178,4.55
21.0279,19.1579,18.1862,18.2202,18.4506,18.8112,4.65
21.0037,19.1909,18.2414,18.2509,18.4804,18.8641,4.75
21.0552,19.2533,18.2826,18.3214,18.5239,18.9157,4.85
21.1170,19.2903,18.3133,18.3748,18.6007,19.0143,4.95
21.1761,19.3170,18.3538,18.3717,18.6260,19.0226,5.05
21.1715,19.3368,18.3865,18.4161,18.6860,19.0961,5.15
21.1954,19.3791,18.4303,18.4547,18.6935,19.1682,5.25
21.2321,19.4396,18.4591,18.4662,18.7571,19.2739,5.35
21.2836,19.4538,18.4973,18.5255,18.7892,19.2672,5.45
21.2890,19.5026,18.5314,18.5640,18.8578,19.3816,5.55
21.3538,19.5486,18.5770,18.5955,18.8499,19.3939,5.65
21.4023,19.5468,18.5997,18.6356,18.9215,19.4543,5.75
21.4590,19.6229,18.6226,18.6637,18.9644,19.5004,5.85
21.4526,19.6318,18.6803,18.6826,19.0189,19.5174,5.95
21.4692,19.6792,18.7251,18.7285,19.0734,19.5782,6.05
21.5274,19.6894,18.7489,18.7506,19.0908,19.6326,6.15
21.5980,19.7405,18.7740,18.7995,19.1448,19.6297,6.25
21.5720,19.7658,18.8133,18.8298,19.1608,19.7128,6.35
21.6897,19.7910,18.8503,18.8860,19.2061,19.7831,6.45
21.7016,19.8109,18.8730,18.9208,19.2398,19.8088,6.55
21.7041,19.8533,18.9329,18.9181,19.2927,19.8359,6.65
21.7344,19.8708,18.9411,18.9707,19.3379,19.9843,6.75
21.7641,19.9473,18.9750,19.0318,19.3797,19.9310,6.85
21.8302,19.9612,19.0117,19.0493,19.3945,19.9591,6.95
21.8365,19.9695,19.0363,19.0909,19.4277,19.9990,7.05
21.9289,20.0253,19.0662,19.1121,19.4715,20.0847,7.15
21.9319,20.0495,19.0974,19.1571,19.4532,20.1089,7.25
21.9723,20.0922,19.1471,19.1893,19.5736,20.1173,7.35
21.9898,20.1020,19.1577,19.2090,19.5718,20.1220,7.45
21.9934,20.1413,19.1983,19.2375,19.6171,20.2110,7.55
22.1138,20.1762,19.2572,19.2834,19.6608,20.2109,7.65
22.1096,20.1925,19.2653,19.2727,19.6395,20.2868,7.75
22.1670,20.2379,19.2899,19.3342,19.7131,20.3073,7.85
22.1737,20.2458,19.3232,19.3647,19.7276,20.3463,7.95
22.2212,20.2945,19.3615,19.3883,19.7554,20.3940,8.05
22.2895,20.3265,19.3840,19.4104,19.8056,20.4371,8.15
22.3757,20.3352,19.3947,19.4781,19.8783,20.4293,8.25
22.3200,20.3716,19.4241,19.5115,19.8964,20.4464,8.35
22.2327,20.3841,19.4629,19.5097,19.8973,20.4940,8.45
22.3812,20.4600,19.4904,19.5445,19.9288,20.6020,8.55
22.4019,20.4594,19.5172,19.6169,19.9687,20.5838,8.65
22.4924,20.5034,19.5565,19.6116,19.9567,20.6059,8.75
22.4662,20.5301,19.5733,19.6443,19.9970,20.6464,8.85
22.5036,20.5771,19.6551,19.7167,20.1366,20.6936,8.95
