u,g,r,i,z,y,time
32.0795,30.5901,29.3371,28.6490,27.9651,27.5743,0.05
33.5244,31.8175,29.9233,29.0060,28.0445,27.3833,0.15
34.8974,32.5406,30.4051,29.2170,28.1708,27.3979,0.25
35.7338,33.1993,30.8038,29.4070,28.3172,27.4236,0.35
36.7083,33.7322,30.9930,29.5025,28.3787,27.3561,0.45
40.2476,34.0555,31.1370,29.6190,28.4282,27.3766,0.55
-9999.0000,34.4559,31.4333,29.6920,28.4602,27.3806,0.65
-9999.0000,34.7263,31.6618,29.7736,28.4899,27.4375,0.75
38.0661,34.5918,31.6869,29.8945,28.6155,27.4624,0.85
-9999.0000,34.6374,31.7039,29.9253,28.6964,27.4858,0.95
53.5075,35.7957,31.9201,30.0050,28.7942,27.5341,1.05
-9999.0000,35.4162,32.0049,30.2165,28.8774,27.6130,1.15
38.9020,35.2942,32.3190,30.2726,28.9723,27.7147,1.25
-9999.0000,35.4373,32.3517,30.2887,29.1164,27.7514,1.35
-9999.0000,35.9373,32.4877,30.4335,29.2518,27.8619,1.45
-9999.0000,37.4361,32.8830,30.4381,29.3895,28.0069,1.55
-9999.0000,37.6794,32.7201,30.6063,29.4264,28.0303,1.65
-9999.0000,36.4301,32.8257,30.7097,29.4834,28.1472,1.75
-9999.0000,37.2997,33.0144,30.7759,29.5906,28.1842,1.85
-9999.0000,35.5988,32.9341,30.8129,29.7246,28.3014,1.95
-9999.0000,36.1920,33.3166,31.0230,29.8346,28.3645,2.05
-9999.0000,36.2069,33.2451,31.0413,29.8901,28.4611,2.15
-9999.0000,36.6652,33.2004,31.1089,29.9971,28.5553,2.25
-9999.0000,36.0861,33.6956,31.2074,30.0377,28.5780,2.35
-9999.0000,37.2875,33.7468,31.2466,29.9992,28.6334,2.45
-9999.0000,36.3348,34.4391,31.3456,30.0740,28.7471,2.55
-9999.0000,37.0583,33.8531,31.4474,30.1459,28.8085,2.65
-9999.0000,36.9271,33.9111,31.5297,30.0747,28.9102,2.75
-9999.0000,37.1933,34.0580,31.6126,30.2617,28.9422,2.85
-9999.0000,38.5386,34.2500,31.6839,30.2498,29.0467,2.95
-9999.0000,36.8701,33.9572,31.6381,30.3624,29.1241,3.05
-9999.0000,37.9607,34.2247,31.8710,30.3656,29.1493,3.15
-9999.0000,40.4142,33.9267,31.9896,30.4425,29.2445,3.25
-9999.0000,37.0342,34.1386,31.8916,30.6192,29.2740,3.35
-9999.0000,38.2117,34.1281,31.9307,30.4546,29.3667,3.45
-9999.0000,38.4597,34.3812,32.1179,30.4947,29.4013,3.55
-9999.0000,38.8568,34.1417,32.0570,30.7038,29.5409,3.65
-9999.0000,50.1787,33.8185,32.2847,30.7286,29.5632,3.75
-9999.0000,37.8385,34.8348,32.1817,30.6633,29.5837,3.85
-9999.0000,38.1667,34.0371,32.4177,30.7882,29.6347,3.95
-9999.0000,37.5813,34.5077,32.3788,30.7704,29.7149,4.05
-9999.0000,38.2886,34.5275,32.5174,30.6959,29.8033,4.15
-9999.0000,39.4252,34.3615,32.4041,30.7248,29.8432,4.25
-9999.0000,37.8626,34.5809,32.4862,30.7804,29.8917,4.35
-9999.0000,37.7931,34.4536,32.6252,30.8707,29.8563,4.45
-9999.0000,38.0979,34.3391,32.6596,30.8943,29.9722,4.55
-9999.0000,37.1873,34.8728,32.6103,30.8901,30.0603,4.65
-9999.0000,38.5117,34.2339,32.5671,30.9113,30.0028,4.75
-9999.0000,37.7972,34.7237,32.4666,31.0234,30.0774,4.85
-9999.0000,37.5000,34.5640,32.4506,30.9164,30.0367,4.95
-9999.0000,37.2617,34.2752,32.4252,31.0827,30.0551,5.05
-9999.0000,38.1954,34.5584,32.5692,31.1198,30.2713,5.15
-9999.0000,40.2018,34.5858,32.5760,31.0719,30.1476,5.25
-9999.0000,38.1808,34.5440,32.6532,31.1097,30.1783,5.35
-9999.0000,37.7900,34.7178,32.5497,31.0345,30.1916,5.45
-9999.0000,39.0952,34.6158,32.6615,31.1344,30.2543,5.55
-9999.0000,38.9662,34.6924,32.7792,31.1391,30.2227,5.65
-9999.0000,38.1037,34.6114,32.5702,31.1411,30.2428,5.75
-9999.0000,38.2003,34.5145,32.9172,31.1315,30.2886,5.85
-9999.0000,39.6517,34.5259,32.6200,31.2674,30.2684,5.95
-9999.0000,38.4578,34.5898,32.7750,31.1978,30.2676,6.05
-9999.0000,39.6105,34.4506,32.8451,31.1878,30.3255,6.15
-9999.0000,37.9579,35.0842,32.7963,31.1379,30.2185,6.25
-9999.0000,-9999.0000,34.8635,32.8103,31.3062,30.2544,6.35
-9999.0000,40.0756,34.7854,32.8719,31.1402,30.2361,6.45
-9999.0000,39.0357,34.5276,32.7225,31.2746,30.2866,6.55
-9999.0000,39.1483,35.1115,32.7584,31.2172,30.2765,6.65
-9999.0000,38.6845,35.1458,32.6749,31.3363,30.2844,6.75
-9999.0000,-9999.0000,35.2734,32.7938,31.3375,30.3396,6.85
-9999.0000,41.9416,34.4458,32.8017,31.3164,30.3945,6.95
-9999.0000,38.3762,34.5327,32.9050,31.4846,30.2582,7.05
-9999.0000,38.9884,34.7564,32.7981,31.5789,30.4224,7.15
-9999.0000,38.5484,35.0561,32.8971,31.6142,30.3665,7.25
-9999.0000,39.5760,34.6178,32.8095,31.3857,30.4548,7.35
-9999.0000,38.8722,34.7218,32.8462,31.4541,30.3217,7.45
-9999.0000,38.8872,35.2365,32.7865,31.4932,30.3801,7.55
-9999.0000,39.5399,34.8779,32.9290,31.5758,30.4426,7.65
-9999.0000,37.7407,34.6804,32.9171,31.4879,30.5224,7.75
-9999.0000,-9999.0000,35.0443,33.0381,31.4920,30.4420,7.85
-9999.0000,38.6354,34.9115,32.8366,31.6385,30.5401,7.95
-9999.0000,38.9288,35.3399,32.9615,31.6772,30.5467,8.05
-9999.0000,39.2098,34.9940,33.1502,31.6993,30.5966,8.15
-9999.0000,38.5346,34.5150,33.0597,31.6643,30.5820,8.25
-9999.0000,40.4330,34.7673,33.0814,31.6124,30.6289,8.35
-9999.0000,42.1537,34.5561,32.8654,31.7431,30.5997,8.45
-9999.0000,38.2343,34.7250,33.4595,31.6702,30.5876,8.55
-9999.0000,-9999.0000,35.4289,33.3402,31.8421,30.5911,8.65
-9999.0000,39.3775,35.0832,33.1348,31.8379,30.6683,8.75
-9999.0000,39.8139,35.0835,33.0957,31.9028,30.7502,8.85
-9999.0000,39.7896,35.2494,32.9877,31.8198,30.6755,8.95
