u,g,r,i,z,y,time
28.5801,28.1643,28.4290,28.6142,28.7946,29.2125,0.05
27.6501,27.1595,27.4131,27.8040,28.0481,28.2877,0.15
27.2090,26.6271,26.9010,27.2521,27.5812,27.8797,0.25
27.0116,26.3284,26.5789,26.9203,27.2391,27.5147,0.35
26.8552,26.0683,26.3376,26.6538,26.9436,27.2982,0.45
26.8345,25.9114,26.1670,26.4282,26.7709,27.0677,0.55
26.9542,25.8320,26.0256,26.2747,26.6138,26.9393,0.65
26.9781,25.7703,25.9178,26.1254,26.4790,26.7965,0.75
27.0700,25.7310,25.8141,26.0072,26.3127,26.6452,0.85
27.1830,25.7399,25.7416,25.9109,26.1994,26.5238,0.95
27.3017,25.7644,25.6825,25.8220,26.1129,26.4301,1.05
27.3881,25.7923,25.6061,25.7555,25.9931,26.3074,1.15
27.4765,25.7853,25.5318,25.6771,25.9076,26.2387,1.25
27.5437,25.8528,25.5231,25.6525,25.8725,26.2010,1.35
27.7503,25.9530,25.5099,25.6427,25.7826,26.1081,1.45
27.7714,25.9283,25.4184,25.5471,25.6863,25.9811,1.55
27.8278,25.9900,25.4400,25.5866,25.7157,25.9772,1.65
28.0954,26.0912,25.4372,25.5306,25.6412,25.9194,1.75
28.0485,26.0504,25.3745,25.4686,25.6094,25.8667,1.85
28.4369,26.1985,25.4276,25.5066,25.6222,25.8480,1.95
28.3496,26.1378,25.3618,25.4288,25.5333,25.7580,2.05
28.7846,26.3052,25.4471,25.4514,25.5666,25.7852,2.15
28.6472,26.2417,25.4139,25.4177,25.5276,25.7109,2.25
29.1263,26.3869,25.4667,25.3805,25.4833,25.6772,2.35
29.0502,26.4134,25.4939,25.4156,25.5231,25.7249,2.45
29.2882,26.4353,25.4864,25.3092,25.4353,25.6352,2.55
29.4649,26.6039,25.6370,25.3824,25.5069,25.7139,2.65
29.3572,26.5388,25.5521,25.2858,25.4326,25.6391,2.75
29.6813,26.7324,25.7137,25.2921,25.4233,25.6161,2.85
29.8054,26.8048,25.7668,25.3310,25.4835,25.6771,2.95
29.6426,26.7549,25.7054,25.2465,25.4030,25.6155,3.05
29.9901,27.0450,25.9494,25.2959,25.4396,25.6231,3.15
30.0285,27.1417,26.0040,25.3340,25.4424,25.6641,3.25
29.9717,27.0785,25.9298,25.2494,25.3974,25.6122,3.35
30.3259,27.3922,26.1567,25.3215,25.4289,25.6280,3.45
30.4224,27.5924,26.2959,25.3978,25.4740,25.6741,3.55
30.2265,27.5260,26.2273,25.3256,25.4060,25.6099,3.65
30.4977,27.6548,26.2958,25.3551,25.4019,25.6065,3.75
30.7829,28.0739,26.5784,25.4839,25.4916,25.6721,3.85
30.8385,28.1017,26.6249,25.5161,25.4831,25.6778,3.95
30.8241,28.0256,26.5732,25.4713,25.4000,25.6290,4.05
31.0831,28.3040,26.7260,25.5226,25.4231,25.6172,4.15
31.2152,28.6465,27.0144,25.6563,25.5745,25.6967,4.25
31.4249,28.6907,27.0680,25.7086,25.6081,25.6895,4.35
31.5384,28.6674,27.0401,25.6748,25.5239,25.6496,4.45
31.6060,28.7843,27.1174,25.7155,25.5762,25.6204,4.55
32.1093,29.1529,27.3967,25.8453,25.7064,25.6687,4.65
32.2673,29.3391,27.5626,25.9581,25.8187,25.7242,4.75
32.3129,29.3441,27.5665,25.9826,25.8276,25.6993,4.85
32.1335,29.3380,27.5588,25.9771,25.8073,25.6574,4.95
32.5706,29.6384,27.7127,26.0565,25.9108,25.6690,5.05
33.0196,29.9165,27.9329,26.2282,26.0325,25.7493,5.15
33.0054,29.9846,28.0895,26.3883,26.1741,25.8463,5.25
32.9095,29.9916,28.0628,26.4148,26.2050,25.8532,5.35
33.1818,30.0208,28.0594,26.4066,26.1828,25.8247,5.45
33.2874,30.1980,28.1489,26.4830,26.2217,25.8241,5.55
34.3300,30.4397,28.3698,26.6416,26.3722,25.9024,5.65
33.6437,30.5764,28.4907,26.8626,26.5041,26.0128,5.75
34.0058,30.5891,28.5187,26.9036,26.5453,26.0689,5.85
34.4411,30.6629,28.5555,26.9200,26.5536,26.0406,5.95
33.6909,30.7600,28.5427,26.9426,26.5626,26.0515,6.05
34.6013,30.8913,28.6868,27.0015,26.6279,26.0686,6.15
34.7905,30.9942,28.8251,27.1661,26.7061,26.1386,6.25
34.9564,31.2262,28.8726,27.2631,26.7798,26.1993,6.35
34.9327,31.2551,28.8802,27.2523,26.7832,26.2437,6.45
35.1579,31.2473,28.8701,27.2868,26.8119,26.2825,6.55
35.0057,31.1265,28.8966,27.2991,26.8090,26.2780,6.65
35.0632,31.4348,29.0007,27.3374,26.8339,26.3116,6.75
35.2066,31.4943,29.0916,27.4668,26.9075,26.3289,6.85
36.4822,31.6028,29.2302,27.5012,26.9719,26.3642,6.95
35.4127,31.7652,29.2293,27.5111,27.0019,26.4245,7.05
35.8149,31.7260,29.2286,27.5785,26.9859,26.4003,7.15
35.7853,31.6812,29.2154,27.5726,26.9976,26.4459,7.25
42.3406,31.7061,29.2018,27.5779,27.0385,26.4821,7.35
36.1086,31.8428,29.3274,27.6220,27.0720,26.5268,7.45
36.1012,32.0548,29.3861,27.6910,27.1118,26.5683,7.55
36.3477,32.0386,29.4933,27.7735,27.1764,26.5662,7.65
35.8211,32.0773,29.5421,27.7820,27.2136,26.5908,7.75
36.5180,32.1346,29.5369,27.7867,27.1770,26.6147,7.85
35.5725,32.1069,29.4047,27.7953,27.1986,26.6008,7.95
35.9721,32.0374,29.4831,27.8132,27.2000,26.6512,8.05
36.4045,32.1054,29.5725,27.8453,27.2344,26.7253,8.15
37.9859,32.3008,29.6971,27.8766,27.2633,26.7186,8.25
35.5626,32.4684,29.7167,27.9907,27.3307,26.7876,8.35
36.9632,32.5709,29.7633,28.0185,27.3652,26.8128,8.45
35.9609,32.5856,29.7531,28.0246,27.3544,26.7998,8.55
38.9140,32.5719,29.8204,28.0379,27.3484,26.8253,8.65
36.1033,32.4569,29.7175,28.0164,27.3608,26.8624,8.75
36.5983,32.3209,29.6978,28.0231,27.4120,26.8719,8.85
37.2378,32.4002,29.7773,28.0663,27.3916,26.8990,8.95
