u,g,r,i,z,y,time
32.3061,30.8178,29.9050,29.4399,29.4047,29.6101,0.05
31.9585,30.1226,28.9657,28.5019,28.4372,28.7309,0.15
31.9025,29.9409,28.6132,28.0947,28.0689,28.3314,0.25
32.0677,30.0109,28.5631,27.9386,27.9178,28.1488,0.35
32.2188,30.1386,28.6302,27.8591,27.8135,28.0197,0.45
32.3696,30.2628,28.8251,27.8612,27.7908,27.9420,0.55
32.6708,30.4658,29.2159,27.9809,27.7866,27.9283,0.65
32.8281,30.6316,29.5427,28.1247,27.8014,27.9143,0.75
33.1203,30.8557,29.8454,28.3199,27.8257,27.9257,0.85
33.5887,31.1885,30.1332,28.5728,27.9285,28.0046,0.95
34.0536,31.5497,30.4348,28.9139,28.0595,28.1395,1.05
34.6714,31.9836,30.7061,29.2432,28.2657,28.2648,1.15
35.3294,32.3585,31.0315,29.5060,28.4842,28.3447,1.25
35.9494,32.8567,31.3448,29.7425,28.7350,28.4943,1.35
36.6519,33.3271,31.7782,30.0837,29.0956,28.7284,1.45
36.9022,33.5944,32.0508,30.2707,29.2131,28.8119,1.55
38.1610,33.9653,32.2538,30.4184,29.3467,28.9148,1.65
38.6198,34.5928,32.7111,30.8242,29.6313,29.1871,1.75
39.6985,34.6709,32.8103,30.8125,29.6882,29.2209,1.85
41.5998,35.3759,33.3340,31.2665,29.9971,29.4852,1.95
40.1307,35.4202,33.3987,31.2229,30.0247,29.4848,2.05
41.0975,36.0457,33.9645,31.6641,30.3332,29.7710,2.15
-9999.0000,36.1379,34.0749,31.6734,30.3714,29.8102,2.25
-9999.0000,36.8209,34.4608,32.1675,30.6984,30.0580,2.35
40.6049,37.0225,34.7231,32.2616,30.8409,30.1986,2.45
40.1705,37.7072,35.0338,32.4546,30.9619,30.2345,2.55
-9999.0000,37.7717,35.2135,32.7417,31.2203,30.5175,2.65
-9999.0000,37.8311,35.3070,32.8392,31.2416,30.5106,2.75
-9999.0000,38.4637,35.6134,33.0481,31.4788,30.7018,2.85
-9999.0000,38.4406,36.0395,33.2785,31.6549,30.8845,2.95
-9999.0000,39.2729,35.9131,33.3027,31.7104,30.8870,3.05
-9999.0000,40.6598,36.4615,33.6245,31.9490,31.0351,3.15
-9999.0000,39.5242,36.7066,33.7105,32.1192,31.2187,3.25
-9999.0000,39.7973,36.5138,33.6697,32.1197,31.2162,3.35
-9999.0000,40.0948,36.9404,33.8721,32.2554,31.3098,3.45
-9999.0000,40.7299,36.6504,34.2187,32.4693,31.4747,3.55
-9999.0000,-9999.0000,36.8066,34.0960,32.4348,31.5309,3.65
-9999.0000,39.8226,37.4074,34.1460,32.5129,31.5731,3.75
-9999.0000,40.6812,37.5517,34.6279,32.7439,31.7339,3.85
-9999.0000,40.8104,37.5403,34.6256,32.7982,31.8403,3.95
-9999.0000,40.8013,38.0515,34.7029,32.7289,31.7725,4.05
-9999.0000,-9999.0000,37.7619,34.7334,32.9139,31.8828,4.15
-9999.0000,-9999.0000,38.2670,35.2061,33.0565,32.0030,4.25
-9999.0000,42.7601,38.1063,35.2478,33.2441,32.1157,4.35
-9999.0000,-9999.0000,38.1628,35.0531,33.1659,32.0671,4.45
-9999.0000,40.6886,38.5037,35.3539,33.2217,32.0988,4.55
-9999.0000,42.0849,38.1120,35.3835,33.3673,32.1736,4.65
-9999.0000,-9999.0000,38.3280,35.4936,33.3855,32.3577,4.75
-9999.0000,-9999.0000,39.0488,35.4201,33.6099,32.4272,4.85
-9999.0000,-9999.0000,38.1183,35.7701,33.4937,32.3851,4.95
-9999.0000,40.7794,38.7392,35.4125,33.5879,32.4455,5.05
-9999.0000,-9999.0000,38.1128,35.5470,33.7271,32.5107,5.15
-9999.0000,-9999.0000,39.9858,35.4909,33.7373,32.5240,5.25
-9999.0000,-9999.0000,40.3159,35.7494,33.7645,32.5614,5.35
-9999.0000,-9999.0000,39.6851,35.8189,33.8942,32.5635,5.45
-9999.0000,-9999.0000,38.6554,35.4853,33.7816,32.6110,5.55
-9999.0000,-9999.0000,38.4261,35.5747,33.7712,32.6828,5.65
-9999.0000,-9999.0000,38.3802,35.7295,33.8069,32.6036,5.75
-9999.0000,40.8950,38.3671,35.6251,33.6725,32.5902,5.85
-9999.0000,-9999.0000,38.7467,35.5444,33.6534,32.6300,5.95
-9999.0000,-9999.0000,38.4206,35.5914,33.6242,32.6337,6.05
-9999.0000,-9999.0000,38.7368,35.5035,33.7473,32.5344,6.15
-9999.0000,47.2534,38.2899,35.4433,33.8383,32.6465,6.25
-9999.0000,40.8547,38.6722,35.5131,33.6621,32.6512,6.35
-9999.0000,-9999.0000,38.7470,35.4798,33.6918,32.5782,6.45
-9999.0000,-9999.0000,37.8322,35.4088,33.7431,32.6002,6.55
-9999.0000,-9999.0000,38.4294,35.5076,33.8715,32.6112,6.65
-9999.0000,-9999.0000,38.3367,35.7474,33.7770,32.5626,6.75
-9999.0000,-9999.0000,38.1145,35.7410,33.7813,32.5884,6.85
-9999.0000,-9999.0000,37.7326,35.5242,33.6805,32.6103,6.95
-9999.0000,42.6387,38.3447,35.5705,33.6890,32.5990,7.05
-9999.0000,-9999.0000,38.0312,35.7566,33.9045,32.6316,7.15
-9999.0000,44.7739,38.4275,35.5638,33.7981,32.6353,7.25
-9999.0000,41.3362,38.4619,35.3602,33.6711,32.5529,7.35
-9999.0000,41.7337,38.2265,35.5275,33.6900,32.6430,7.45
-9999.0000,-9999.0000,38.5337,35.4298,33.6663,32.6517,7.55
-9999.0000,-9999.0000,38.4659,35.5477,33.5885,32.5887,7.65
-9999.0000,-9999.0000,38.0492,35.6399,33.8609,32.6637,7.75
-9999.0000,-9999.0000,38.2588,35.3512,33.7446,32.6178,7.85
-9999.0000,-9999.0000,38.2384,35.5497,33.5914,32.6078,7.95
-9999.0000,-9999.0000,38.5320,35.3742,33.7205,32.6279,8.05
-9999.0000,41.2494,38.3694,35.4893,33.6840,32.5759,8.15
-9999.0000,-9999.0000,38.4331,35.3963,33.6392,32.6714,8.25
-9999.0000,-9999.0000,37.8880,35.2462,33.6979,32.6464,8.35
-9999.0000,41.3680,38.2783,35.3648,33.7487,32.6153,8.45
-9999.0000,43.4381,38.1857,35.5759,33.7137,32.6709,8.55
-9999.0000,45.0166,38.5825,35.4692,33.7500,32.6239,8.65
-9999.0000,-9999.0000,38.3423,35.4388,33.7039,32.6876,8.75
-9999.0000,41.4393,38.7320,35.3047,33.7514,32.6031,8.85
-9999.0000,-9999.0000,37.8186,35.4482,33.6137,32.6560,8.95
