u,g,r,i,z,y,time
25.9343,25.3144,25.4829,25.7645,26.0527,26.2603,0.05
25.1522,24.5446,24.7606,25.1246,25.4393,25.7127,0.15
24.9768,24.2204,24.4013,24.7703,25.1104,25.3983,0.25
25.0937,24.0917,24.1872,24.5304,24.8611,25.1505,0.35
25.3196,24.0798,24.0364,24.3481,24.6808,25.0192,0.45
25.6352,24.1586,23.9604,24.2290,24.5639,24.8864,0.55
25.9848,24.3152,23.8744,24.1438,24.4703,24.8385,0.65
26.3795,24.5328,23.8194,24.0698,24.3981,24.7666,0.75
26.7586,24.8105,23.8015,24.0230,24.3655,24.7390,0.85
27.1023,25.1384,23.8122,23.9853,24.3311,24.7294,0.95
27.4996,25.4538,23.8931,23.9747,24.3425,24.7132,1.05
27.8298,25.7301,24.0180,23.9552,24.3617,24.7214,1.15
28.1230,25.9537,24.1828,23.9370,24.3898,24.7289,1.25
28.3887,26.1570,24.3934,23.9101,24.3857,24.7245,1.35
28.7369,26.3552,24.5833,23.8977,24.3631,24.7187,1.45
28.9969,26.4963,24.7748,23.8798,24.3070,24.6882,1.55
29.2651,26.6333,24.9145,23.8773,24.2653,24.6218,1.65
29.5800,26.7687,25.0464,23.9248,24.1643,24.5752,1.75
29.7358,26.9143,25.1485,23.9366,24.0887,24.5158,1.85
29.9479,27.0311,25.2555,24.0096,24.0345,24.4850,1.95
30.1840,27.1395,25.3429,24.0677,23.9957,24.4307,2.05
30.4995,27.2527,25.4460,24.1330,23.9691,24.4002,2.15
30.3632,27.3410,25.5536,24.2052,23.9594,24.3768,2.25
30.7109,27.4473,25.6626,24.2637,23.9635,24.4021,2.35
30.9749,27.5550,25.7422,24.3381,23.9927,24.3843,2.45
31.2622,27.6611,25.8521,24.3812,24.0197,24.4029,2.55
31.2048,27.7470,25.9546,24.4683,24.0638,24.4166,2.65
31.4403,27.8205,26.0446,24.5153,24.1198,24.4591,2.75
31.8471,27.9435,26.1344,24.5633,24.1636,24.4908,2.85
31.8824,27.9435,26.2309,24.6235,24.2439,24.5596,2.95
32.0168,28.0069,26.2887,24.6839,24.3120,24.6192,3.05
31.9914,28.1143,26.3854,24.7403,24.3700,24.6546,3.15
32.2841,28.2189,26.4354,24.7913,24.4459,24.7395,3.25
32.4167,28.3060,26.4963,24.8504,24.5337,24.7913,3.35
32.0490,28.3704,26.5456,24.9054,24.5758,24.8317,3.45
32.4721,28.4414,26.6030,24.9713,24.6565,24.9123,3.55
32.6704,28.4780,26.6565,25.0213,24.7118,24.9562,3.65
32.4731,28.5139,26.7072,25.0583,24.8006,24.9983,3.75
32.5055,28.5741,26.7803,25.1000,24.8415,25.0321,3.85
33.2377,28.5643,26.7945,25.1693,24.8662,25.0841,3.95
32.9431,28.6663,26.8168,25.1904,24.9598,25.1210,4.05
32.5691,28.7207,26.8485,25.2443,25.0269,25.1590,4.15
33.0676,28.7416,26.9439,25.2711,25.0696,25.1757,4.25
32.9632,28.7850,26.9613,25.3431,25.1433,25.2216,4.35
33.2721,28.8711,26.9619,25.3562,25.1773,25.2333,4.45
32.9487,28.8823,27.0152,25.4031,25.2150,25.2571,4.55
33.2032,28.8926,27.0654,25.4482,25.2634,25.2956,4.65
33.3368,28.9477,27.0600,25.5011,25.3332,25.3227,4.75
33.5243,29.0099,27.1159,25.5264,25.3568,25.3483,4.85
33.3207,28.9468,27.1211,25.5361,25.3844,25.3505,4.95
33.0121,29.0610,27.1351,25.5625,25.4370,25.3742,5.05
33.6933,29.0630,27.2154,25.5997,25.4686,25.4111,5.15
33.1811,29.0957,27.2256,25.6229,25.5029,25.4260,5.25
33.6612,29.1358,27.2514,25.6728,25.5245,25.4608,5.35
33.1902,29.1049,27.2126,25.7006,25.5619,25.4872,5.45
33.3080,29.1773,27.2433,25.6932,25.5786,25.5238,5.55
33.7938,29.2552,27.3193,25.7288,25.6218,25.5361,5.65
33.7052,29.2933,27.3740,25.7676,25.6269,25.5864,5.75
33.9019,29.3443,27.3495,25.7898,25.6946,25.6116,5.85
33.9048,29.3377,27.3889,25.8067,25.7045,25.6454,5.95
33.5394,29.3593,27.4011,25.8410,25.7657,25.6653,6.05
33.8043,29.3627,27.3930,25.8630,25.7943,25.6843,6.15
33.8566,29.4217,27.4127,25.8811,25.7990,25.6947,6.25
33.8358,29.4409,27.4569,25.8967,25.8470,25.7589,6.35
33.6545,29.4228,27.4774,25.9192,25.8463,25.8060,6.45
34.1208,29.4838,27.5116,25.9263,25.9035,25.8161,6.55
34.0214,29.4514,27.4996,25.9522,25.9314,25.8311,6.65
33.5273,29.4491,27.5180,25.9698,25.9718,25.8792,6.75
34.7057,29.5286,27.5360,25.9745,25.9873,25.8909,6.85
33.9644,29.5730,27.5778,26.0193,25.9946,25.9643,6.95
33.6141,29.5658,27.6283,26.0435,26.0426,25.9465,7.05
34.4574,29.6025,27.5977,26.0766,26.0742,26.0074,7.15
33.9871,29.6189,27.6440,26.0839,26.0853,26.0147,7.25
34.1570,29.5959,27.6499,26.1053,26.1317,26.0471,7.35
34.5593,29.6709,27.6561,26.1192,26.1543,26.0510,7.45
33.9286,29.6551,27.6699,26.1484,26.1679,26.1339,7.55
34.2938,29.6136,27.7021,26.1538,26.1902,26.1585,7.65
34.1160,29.7201,27.7438,26.1592,26.2193,26.1586,7.75
34.7342,29.7878,27.7669,26.1882,26.2559,26.2224,7.85
34.5615,29.7197,27.7583,26.2386,26.2919,26.2204,7.95
34.9417,29.7963,27.7524,26.2487,26.3346,26.2405,8.05
34.6554,29.8448,27.7554,26.2742,26.3402,26.3141,8.15
34.5023,29.8591,27.7875,26.2696,26.3712,26.3392,8.25
33.8101,29.8212,27.8364,26.3198,26.4018,26.3788,8.35
34.1327,29.9066,27.8640,26.3212,26.4165,26.4028,8.45
34.3346,29.9933,27.8855,26.3475,26.4510,26.4246,8.55
34.0644,29.9240,27.8696,26.3659,26.4600,26.4354,8.65
34.2080,29.9533,27.9075,26.3754,26.5474,26.4839,8.75
34.7324,29.9792,27.8974,26.3990,26.5389,26.4917,8.85
34.8867,30.0227,27.9369,26.4101,26.5640,26.5564,8.95
