u,g,r,i,z,y,time
29.9331,27.3522,25.6380,25.7033,25.9328,26.1909,0.05
30.1288,27.8921,25.5254,25.3355,25.5620,25.7969,0.15
30.5438,28.3018,25.8850,25.2635,25.4549,25.6850,0.25
30.9369,28.5879,26.4263,25.3555,25.4314,25.6997,0.35
31.3617,28.8686,26.8544,25.5565,25.4143,25.6764,0.45
31.4937,29.0808,27.1200,25.7918,25.4537,25.5876,0.55
31.7391,29.2703,27.3460,25.9894,25.5306,25.5518,0.65
31.7740,29.4256,27.5266,26.1777,25.6657,25.5686,0.75
31.9270,29.5759,27.6866,26.3454,25.8283,25.6711,0.85
31.9543,29.6923,27.8126,26.4843,25.9793,25.7835,0.95
32.0429,29.7903,27.9542,26.6152,26.1044,25.9277,1.05
32.1863,29.8575,28.0633,26.7240,26.2374,26.0659,1.15
32.3789,29.9751,28.1533,26.8354,26.3488,26.1917,1.25
32.2592,30.0379,28.2276,26.9325,26.4591,26.2962,1.35
32.3859,30.1131,28.3008,27.0361,26.5436,26.4060,1.45
32.3948,30.1884,28.3776,27.1189,26.6208,26.5004,1.55
32.5104,30.2323,28.4504,27.2044,26.7037,26.5801,1.65
32.5715,30.2973,28.4900,27.2869,26.7726,26.6615,1.75
32.5487,30.3705,28.5828,27.3609,26.8646,26.7417,1.85
32.6591,30.4518,28.6267,27.4492,26.9289,26.8175,1.95
32.7727,30.5015,28.6772,27.5152,26.9898,26.8842,2.05
32.8427,30.4863,28.7157,27.5774,27.0636,26.9560,2.15
32.9026,30.5443,28.7937,27.6518,27.1392,27.0068,2.25
32.9610,30.6268,28.8346,27.7329,27.1840,27.0768,2.35
32.9826,30.6740,28.8843,27.8063,27.2776,27.1539,2.45
33.1169,30.7137,28.9294,27.8500,27.3139,27.2032,2.55
33.1734,30.7928,28.9782,27.9059,27.3894,27.2454,2.65
33.2029,30.8120,29.0194,27.9714,27.4596,27.3139,2.75
33.2704,30.8853,29.0630,28.0209,27.5023,27.3624,2.85
33.3214,30.9413,29.1377,28.0655,27.5759,27.4195,2.95
33.4324,30.9733,29.1708,28.1277,27.6119,27.4672,3.05
33.3628,31.0101,29.2098,28.1894,27.6674,27.5312,3.15
33.4437,31.0816,29.2568,28.2430,27.7335,27.5779,3.25
33.5625,31.0678,29.2817,28.2997,27.7834,27.6128,3.35
33.5455,31.1810,29.3392,28.3524,27.8553,27.6870,3.45
33.6872,31.2363,29.3675,28.3687,27.8827,27.7406,3.55
33.6824,31.2299,29.4355,28.4304,27.9286,27.7840,3.65
33.7926,31.2561,29.4739,28.4755,27.9950,27.8294,3.75
33.6987,31.3145,29.4887,28.5253,28.0566,27.8748,3.85
33.8733,31.3446,29.5727,28.5455,28.0742,27.9311,3.95
33.9016,31.3958,29.5999,28.6046,28.1197,27.9847,4.05
34.0195,31.4625,29.6497,28.6638,28.1656,28.0327,4.15
34.2167,31.5200,29.7059,28.6773,28.2180,28.0714,4.25
34.0963,31.5100,29.7055,28.7058,28.2559,28.1100,4.35
34.1473,31.5545,29.8015,28.7486,28.3319,28.1417,4.45
34.2738,31.6118,29.8391,28.8129,28.3569,28.1720,4.55
34.2859,31.6495,29.8529,28.8355,28.3945,28.2673,4.65
34.1600,31.6820,29.9007,28.8776,28.4448,28.2895,4.75
34.3283,31.7035,29.9300,28.9276,28.4884,28.3263,4.85
34.4408,31.7473,29.9780,28.9474,28.5093,28.3834,4.95
34.4734,31.7481,30.0303,29.0022,28.5788,28.4126,5.05
34.6123,31.8398,30.0824,29.0405,28.6183,28.4793,5.15
34.4702,31.8521,30.1267,29.0839,28.6255,28.4990,5.25
34.5537,31.8581,30.1929,29.1228,28.6912,28.5280,5.35
34.7199,31.9496,30.1773,29.1425,28.7565,28.5965,5.45
34.7219,31.9845,30.2487,29.2001,28.7711,28.6224,5.55
34.8202,32.0387,30.2906,29.2273,28.7873,28.6563,5.65
34.8239,32.0540,30.3090,29.2762,28.8497,28.7155,5.75
35.0307,32.0724,30.3718,29.3361,28.8605,28.7449,5.85
34.8020,32.1266,30.3844,29.3291,28.9031,28.8041,5.95
35.0451,32.1547,30.4577,29.4060,28.9416,28.8254,6.05
35.0875,32.2005,30.5028,29.4231,28.9880,28.8568,6.15
35.0344,32.1879,30.5132,29.4609,29.0220,28.8708,6.25
35.1482,32.2893,30.5691,29.5014,29.0841,28.9463,6.35
35.1807,32.2774,30.6210,29.5593,29.0891,28.9640,6.45
35.2552,32.2979,30.6471,29.5663,29.1389,29.0002,6.55
35.4152,32.3606,30.6920,29.6356,29.1762,29.0251,6.65
35.6469,32.3856,30.6918,29.6771,29.2161,29.0854,6.75
35.2659,32.4794,30.7475,29.7048,29.2329,29.1333,6.85
35.6744,32.4759,30.8175,29.7325,29.2883,29.1823,6.95
35.6170,32.5082,30.8901,29.7874,29.3027,29.1877,7.05
35.7535,32.5476,30.8612,29.8021,29.3491,29.2414,7.15
35.6046,32.5545,30.9275,29.8475,29.3796,29.2914,7.25
35.6399,32.6091,30.9430,29.9110,29.4210,29.3239,7.35
35.7619,32.6917,30.9725,29.9100,29.4480,29.3363,7.45
35.8668,32.6841,31.0040,29.9655,29.4890,29.3782,7.55
35.9318,32.7389,31.0536,29.9616,29.5397,29.4012,7.65
36.1341,32.8012,31.0930,30.0550,29.5628,29.4296,7.75
36.0863,32.8390,31.1289,30.0695,29.5852,29.4843,7.85
36.1582,32.8551,31.1641,30.0833,29.6195,29.5091,7.95
36.3995,32.8767,31.2140,30.1245,29.6507,29.5566,8.05
36.4442,32.9844,31.2551,30.1731,29.6894,29.5848,8.15
36.3905,32.9874,31.3277,30.2146,29.7142,29.5985,8.25
36.8868,33.0260,31.3271,30.2273,29.7554,29.6602,8.35
36.9419,33.1170,31.3108,30.2726,29.7838,29.7110,8.45
36.6743,33.1547,31.3930,30.3060,29.8218,29.7055,8.55
36.7845,33.1656,31.4038,30.3502,29.8505,29.7304,8.65
37.0277,33.3356,31.4461,30.3781,29.8961,29.7985,8.75
36.8972,33.2858,31.4938,30.3752,29.9030,29.8375,8.85
37.0496,33.3648,31.5679,30.4787,29.9819,29.8884,8.95
