u,g,r,i,z,y,time
19.8668,18.3432,18.6258,19.0939,19.5999,20.0784,0.05
20.4347,18.4553,18.5297,19.0280,19.5631,20.0730,0.15
20.8615,18.8317,18.4480,18.9339,19.5484,20.0588,0.25
21.2161,19.1840,18.4322,18.7153,19.1863,19.7362,0.35
21.5069,19.4940,18.5880,18.6674,18.9480,19.4024,0.45
21.7003,19.7480,18.8155,18.7665,18.9448,19.2665,0.55
21.8647,19.9571,19.0374,18.9503,19.1149,19.3427,0.65
21.9971,20.1413,19.2392,19.1794,19.3652,19.5598,0.75
22.1493,20.2989,19.4132,19.4103,19.6232,19.8550,0.85
22.2483,20.4630,19.5632,19.6093,19.8878,20.1414,0.95
22.3318,20.5893,19.7042,19.7883,20.0685,20.3983,1.05
22.4672,20.7328,19.8386,19.9386,20.2486,20.6018,1.15
22.5360,20.8429,19.9647,20.0601,20.3948,20.7738,1.25
22.6544,20.9562,20.0801,20.2075,20.5451,20.9871,1.35
22.7296,21.0611,20.1946,20.3275,20.7177,21.1796,1.45
22.8013,21.1633,20.3088,20.4554,20.8624,21.3895,1.55
22.9017,21.2592,20.4092,20.5598,20.9722,21.5817,1.65
22.9656,21.3412,20.5055,20.6700,21.1115,21.7227,1.75
23.0517,21.4100,20.6141,20.7738,21.2517,21.8761,1.85
23.1431,21.4939,20.7013,20.8801,21.3565,22.0481,1.95
23.2090,21.5721,20.7974,20.9769,21.4714,22.1635,2.05
23.2944,21.6439,20.8767,21.0669,21.5592,22.3077,2.15
23.3455,21.7198,20.9608,21.1768,21.7072,22.4506,2.25
23.4216,21.8015,21.0353,21.2590,21.8048,22.5214,2.35
23.4910,21.8551,21.1112,21.3440,21.8801,22.6442,2.45
23.5327,21.9122,21.1939,21.4281,21.9754,22.7400,2.55
23.6225,21.9880,21.2618,21.5078,22.0727,22.8268,2.65
23.6450,22.0627,21.3326,21.5880,22.1756,22.9354,2.75
23.7465,22.1092,21.4016,21.6821,22.2350,22.9993,2.85
23.7632,22.1890,21.4715,21.7244,22.3226,23.0596,2.95
23.7945,22.2370,21.5357,21.8206,22.3755,23.1590,3.05
23.8913,22.3211,21.6150,21.8943,22.4690,23.2353,3.15
23.9323,22.3710,21.6662,21.9523,22.5133,23.2823,3.25
24.0022,22.4365,21.7439,22.0066,22.5934,23.3587,3.35
24.0576,22.5030,21.8079,22.0917,22.6596,23.4264,3.45
24.0852,22.5562,21.8583,22.1500,22.7257,23.4483,3.55
24.1438,22.6199,21.9210,22.2273,22.7855,23.5189,3.65
24.1707,22.6751,21.9782,22.2800,22.8743,23.5735,3.75
24.2356,22.7303,22.0269,22.3331,22.9399,23.6327,3.85
24.2780,22.7917,22.0970,22.3973,22.9807,23.7532,3.95
24.3367,22.8530,22.1480,22.4620,23.0424,23.7982,4.05
24.3496,22.9020,22.2058,22.5014,23.0785,23.8252,4.15
24.4323,22.9586,22.2669,22.5770,23.1525,23.8512,4.25
24.4587,23.0095,22.3115,22.6123,23.1918,23.8756,4.35
24.4967,23.0709,22.3840,22.6929,23.2667,23.9730,4.45
24.5550,23.1218,22.4292,22.7288,23.3006,23.9350,4.55
24.6147,23.1839,22.4727,22.7730,23.3596,23.9744,4.65
24.6000,23.2324,22.5307,22.8184,23.4040,24.1217,4.75
24.6702,23.2769,22.5945,22.9005,23.4186,24.1610,4.85
24.7162,23.3375,22.6489,22.9249,23.4803,24.1357,4.95
24.7618,23.3903,22.6836,22.9832,23.5799,24.2102,5.05
24.8069,23.4426,22.7377,23.0328,23.6018,24.2327,5.15
24.8546,23.4812,22.7895,23.0838,23.6145,24.2482,5.25
24.9336,23.5407,22.8415,23.1471,23.7017,24.3470,5.35
24.9364,23.5900,22.9001,23.1693,23.7377,24.3716,5.45
25.0413,23.6359,22.9484,23.2148,23.8048,24.4364,5.55
25.0499,23.6821,22.9971,23.2425,23.7891,24.4585,5.65
25.0717,23.7314,23.0303,23.3482,23.7703,24.5161,5.75
25.1155,23.7693,23.0791,23.3742,23.8472,24.4612,5.85
25.1894,23.8378,23.1472,23.4384,23.8918,24.5740,5.95
25.2177,23.8475,23.1551,23.4644,23.9974,24.5608,6.05
25.3141,23.8918,23.1995,23.4924,23.9866,24.5654,6.15
25.3484,23.9417,23.2666,23.5050,24.0181,24.6471,6.25
25.4410,24.0003,23.2918,23.5435,24.1045,24.7010,6.35
25.4932,24.0458,23.3636,23.5814,24.0933,24.7132,6.45
25.5228,24.0872,23.3794,23.6574,24.1452,24.7832,6.55
25.5637,24.1082,23.4247,23.6968,24.1455,24.7345,6.65
25.6586,24.1517,23.4524,23.7234,24.2230,24.8724,6.75
25.7314,24.2127,23.4976,23.7346,24.2258,24.8701,6.85
25.7790,24.2429,23.5528,23.8009,24.2883,24.8918,6.95
25.8874,24.2919,23.5750,23.8184,24.3211,24.8432,7.05
25.9412,24.3331,23.6425,23.8450,24.3720,24.8583,7.15
26.0434,24.3739,23.6669,23.9092,24.4135,24.9260,7.25
26.1220,24.4061,23.7003,23.9520,24.3936,25.0212,7.35
26.1757,24.4695,23.7458,24.0053,24.4376,24.9659,7.45
26.2528,24.5146,23.7821,24.0459,24.5223,25.0215,7.55
26.3927,24.5537,23.8150,24.0513,24.5083,25.0306,7.65
26.5223,24.6123,23.8930,24.0762,24.5084,25.0768,7.75
26.5550,24.6489,23.8922,24.1391,24.5770,25.1351,7.85
26.7128,24.6941,23.9239,24.1951,24.5835,25.0773,7.95
26.7636,24.7498,24.0061,24.1949,24.6209,25.1973,8.05
26.9165,24.8180,24.0228,24.2375,24.6789,25.1560,8.15
27.0959,24.8493,24.0402,24.2729,24.7308,25.2983,8.25
27.1376,24.9149,24.0905,24.3260,24.7085,25.2482,8.35
27.3073,24.9650,24.1411,24.3331,24.7475,25.2692,8.45
27.3840,25.0432,24.1952,24.3523,24.8047,25.3360,8.55
27.5474,25.1016,24.2240,24.3760,24.7685,25.2767,8.65
27.6482,25.1618,24.2455,24.4507,24.8211,25.3409,8.75
27.8830,25.2443,24.2730,24.4954,24.8191,25.2765,8.85
28.0070,25.3013,24.3659,24.5413,24.9444,25.4238,8.95
