u,g,r,i,z,y,time
28.5971,28.2318,28.4337,28.6478,29.0325,29.1499,0.05
27.6096,27.3885,27.7225,28.0325,28.4320,28.5978,0.15
27.5563,27.1762,27.4318,27.6916,28.1316,28.3082,0.25
27.8118,27.1706,27.2588,27.4832,27.9284,28.0696,0.35
28.1723,27.2384,27.1412,27.3256,27.7709,27.8821,0.45
28.6301,27.3678,27.1105,27.2820,27.6453,27.7662,0.55
29.2510,27.5557,27.1155,27.2567,27.5716,27.6808,0.65
29.8290,27.7695,27.1423,27.2585,27.5435,27.6494,0.75
30.4497,28.0336,27.1914,27.2327,27.5303,27.6188,0.85
30.9890,28.3874,27.3296,27.2234,27.5219,27.6254,0.95
31.3985,28.8113,27.5525,27.2427,27.5403,27.6200,1.05
31.7878,29.2465,27.8337,27.2647,27.5556,27.6271,1.15
32.1662,29.6541,28.1213,27.3143,27.5395,27.6110,1.25
32.6633,30.1010,28.4533,27.4136,27.5281,27.6186,1.35
33.2775,30.6100,28.8797,27.6138,27.5771,27.6561,1.45
33.6433,30.8847,29.1224,27.7524,27.5736,27.6341,1.55
34.1912,31.2594,29.4049,27.9881,27.6937,27.6819,1.65
34.7617,31.6525,29.6784,28.2367,27.7856,27.7417,1.75
35.0270,31.7339,29.7681,28.4020,27.8745,27.7629,1.85
35.3657,32.0389,30.0036,28.6910,27.9802,27.8467,1.95
35.6715,32.1013,30.0141,28.7711,28.0342,27.8916,2.05
35.8025,32.3610,30.2590,29.0968,28.1150,27.9960,2.15
35.9661,32.3988,30.2527,29.1417,28.1674,28.0449,2.25
36.5208,32.6795,30.4399,29.3511,28.2492,28.1577,2.35
36.9210,32.7051,30.5504,29.5174,28.3074,28.2065,2.45
37.1867,32.9170,30.6289,29.5822,28.3581,28.2706,2.55
37.3871,33.1305,30.8602,29.8147,28.5231,28.4283,2.65
37.5644,33.1274,30.8698,29.8100,28.5562,28.4416,2.75
37.6179,33.3732,31.0047,29.9457,28.6319,28.5452,2.85
37.2170,33.5600,31.1287,30.0526,28.7819,28.6461,2.95
37.9318,33.5336,31.0762,30.0139,28.8006,28.6567,3.05
38.3279,33.6835,31.2190,30.1186,28.8700,28.7494,3.15
39.0961,33.7081,31.2978,30.2290,28.9802,28.8295,3.25
39.0375,33.7352,31.3251,30.2032,28.9919,28.8576,3.35
38.7437,33.8677,31.3922,30.2401,29.0171,28.8876,3.45
38.3342,34.0434,31.4903,30.3541,29.1127,28.9652,3.55
38.6879,34.0151,31.4724,30.3067,29.1282,28.9535,3.65
38.7153,34.1326,31.4653,30.2838,29.1742,29.0111,3.75
37.9942,34.1570,31.5889,30.3602,29.2084,29.0745,3.85
-9999.0000,34.4106,31.6761,30.4496,29.2620,29.0912,3.95
38.7338,34.1834,31.6109,30.3872,29.2604,29.0960,4.05
39.8732,34.3155,31.6267,30.3653,29.2854,29.1385,4.15
38.9426,34.4307,31.7406,30.4760,29.3127,29.1818,4.25
39.0787,34.3682,31.8149,30.5208,29.3522,29.2144,4.35
39.4013,34.4973,31.7839,30.4378,29.3788,29.2361,4.45
39.4465,34.5349,31.7395,30.4565,29.3634,29.2499,4.55
40.2843,34.5845,31.8185,30.5215,29.4080,29.2922,4.65
39.0617,34.5964,31.8845,30.5971,29.4456,29.3167,4.75
-9999.0000,34.5635,31.8855,30.5679,29.4834,29.3138,4.85
40.3356,34.5615,31.8706,30.5527,29.4938,29.3469,4.95
44.1761,34.5900,31.8618,30.5551,29.5276,29.4069,5.05
39.8973,34.7780,31.9786,30.6224,29.5588,29.4251,5.15
-9999.0000,34.9024,32.0410,30.6888,29.5698,29.4428,5.25
40.2766,34.7781,32.0664,30.6564,29.5939,29.4511,5.35
40.9127,34.9014,32.0220,30.6273,29.6152,29.4901,5.45
39.4433,34.7762,32.0008,30.6569,29.6463,29.5395,5.55
40.4412,34.8594,32.0566,30.7313,29.6613,29.5410,5.65
40.3196,35.0372,32.1925,30.7618,29.6966,29.5497,5.75
-9999.0000,35.0379,32.2127,30.7865,29.6915,29.5617,5.85
40.0070,34.9843,32.1708,30.7340,29.7338,29.6147,5.95
40.4169,35.1693,32.1995,30.7591,29.7437,29.6618,6.05
40.5363,35.0257,32.1796,30.7738,29.7843,29.7077,6.15
40.3759,35.1729,32.2403,30.8251,29.7914,29.7279,6.25
40.4584,35.3957,32.3170,30.8642,29.8229,29.7614,6.35
40.0069,35.1401,32.3615,30.8960,29.8512,29.7202,6.45
41.5975,35.2907,32.3072,30.8792,29.8590,29.8165,6.55
40.9047,35.1116,32.3040,30.8646,29.9249,29.8534,6.65
41.9188,35.3085,32.3553,30.8749,29.9164,29.8793,6.75
40.4552,35.2847,32.3931,30.9220,29.9512,29.9001,6.85
40.9283,35.3423,32.4728,30.9806,29.9814,29.9415,6.95
40.8258,35.6221,32.4583,30.9896,30.0074,29.9380,7.05
41.3100,35.5503,32.5641,30.9623,30.0097,29.9813,7.15
40.7326,35.5473,32.5104,31.0080,30.0319,30.0088,7.25
-9999.0000,35.4721,32.5144,31.0196,30.0827,30.0730,7.35
-9999.0000,35.5056,32.5201,30.9876,30.0927,30.0990,7.45
40.8720,35.4211,32.5196,31.0485,30.1193,30.1237,7.55
-9999.0000,35.7430,32.6310,31.1291,30.1668,30.1590,7.65
-9999.0000,35.4896,32.7002,31.1359,30.1828,30.1635,7.75
-9999.0000,35.7424,32.7001,31.1260,30.1917,30.1707,7.85
40.9345,35.7324,32.6890,31.1011,30.2242,30.2358,7.95
42.5623,35.7080,32.7626,31.1380,30.2494,30.2801,8.05
40.3107,35.6939,32.7372,31.1486,30.3015,30.3396,8.15
47.9378,35.7157,32.7080,31.1711,30.2777,30.3664,8.25
40.9420,35.9563,32.7416,31.2225,30.3287,30.3945,8.35
43.6342,35.7210,32.8456,31.2402,30.3363,30.3911,8.45
43.1297,35.8884,32.8637,31.2678,30.3718,30.4026,8.55
41.1936,35.8423,32.9027,31.3156,30.3764,30.4614,8.65
42.7103,35.8963,32.9026,31.2970,30.4032,30.5064,8.75
-9999.0000,35.8860,32.9308,31.2577,30.4639,30.5734,8.85
40.7641,35.8408,32.9404,31.2724,30.4687,30.6010,8.95
