u,g,r,i,z,y,time
20.5736,20.7511,21.1422,21.4628,21.7857,21.9186,0.05
19.5262,19.8305,20.3473,20.7233,21.0159,21.2296,0.15
19.0637,19.3830,19.9274,20.3112,20.5912,20.7912,0.25
18.7835,19.1053,19.6494,20.0147,20.3096,20.4966,0.35
18.6099,18.8871,19.3961,19.8007,20.1172,20.2960,0.45
18.5249,18.7397,19.1851,19.6213,19.8690,20.1570,0.55
18.5121,18.6338,19.0514,19.4490,19.7896,20.0254,0.65
18.5061,18.5525,18.9283,19.3285,19.6664,19.9484,0.75
18.5163,18.4688,18.8163,19.2331,19.5632,19.8725,0.85
18.5410,18.4102,18.7194,19.0835,19.4665,19.7596,0.95
18.5713,18.3773,18.6491,18.9837,19.3749,19.7115,1.05
18.5985,18.3378,18.5808,18.9072,19.3020,19.6992,1.15
18.5939,18.3058,18.5273,18.8382,19.2039,19.6431,1.25
18.6652,18.3303,18.5132,18.7902,19.1852,19.6152,1.35
18.7592,18.3557,18.5014,18.7570,19.1458,19.6002,1.45
18.7515,18.3032,18.4158,18.7020,19.0897,19.5570,1.55
18.8394,18.3622,18.4572,18.6980,19.0667,19.5776,1.65
18.9628,18.4078,18.4157,18.6542,19.0307,19.5733,1.75
18.9723,18.3782,18.3784,18.6482,19.0143,19.5401,1.85
19.1804,18.5162,18.3785,18.6529,19.0266,19.5315,1.95
19.1787,18.4715,18.3261,18.6288,18.9878,19.5200,2.05
19.4958,18.6592,18.3467,18.6443,19.0123,19.5222,2.15
19.4771,18.6160,18.2855,18.6157,18.9164,19.4450,2.25
19.8499,18.8401,18.3076,18.6276,18.9398,19.4684,2.35
19.8932,18.8508,18.2698,18.6117,18.9259,19.4417,2.45
20.1417,18.9592,18.2604,18.6049,18.8687,19.3929,2.55
20.4608,19.1893,18.3121,18.6508,18.9333,19.3833,2.65
20.4148,19.1399,18.2355,18.5947,18.8819,19.2714,2.75
20.9071,19.4093,18.3071,18.6260,18.8557,19.2657,2.85
21.0444,19.5288,18.3551,18.6374,18.8663,19.1974,2.95
21.0080,19.5011,18.3063,18.6032,18.8159,19.0910,3.05
21.4664,19.8128,18.4156,18.6331,18.8428,19.1012,3.15
21.5528,19.9267,18.4760,18.6699,18.8598,19.0731,3.25
21.5562,19.9237,18.4608,18.6197,18.7906,18.9649,3.35
21.9292,20.1554,18.5610,18.6464,18.8207,18.9370,3.45
22.1068,20.3698,18.7108,18.7461,18.8930,18.9383,3.55
22.1754,20.3521,18.7345,18.7000,18.8442,18.8993,3.65
22.2397,20.4217,18.7626,18.7047,18.8069,18.8141,3.75
22.6348,20.6953,18.9314,18.7678,18.9058,18.8688,3.85
22.7542,20.7850,19.0774,18.8523,18.9408,18.9143,3.95
22.6670,20.8022,19.0926,18.8089,18.8724,18.8477,4.05
22.8889,20.9110,19.1409,18.8210,18.9037,18.8199,4.15
23.1617,21.0924,19.2879,18.9001,18.9480,18.8821,4.25
23.1378,21.1459,19.4274,18.9709,19.0234,18.9133,4.35
23.1707,21.1079,19.4047,18.9385,18.9843,18.8870,4.45
23.2677,21.2043,19.4471,18.9715,18.9964,18.8935,4.55
23.4434,21.3481,19.5881,19.0294,19.0886,18.9243,4.65
23.6432,21.4842,19.7121,19.1013,19.1261,18.9657,4.75
23.6160,21.4987,19.7294,19.0999,19.1094,18.9587,4.85
23.4702,21.4617,19.7311,19.1109,19.1324,18.9780,4.95
23.6700,21.5597,19.7691,19.1570,19.1743,19.0042,5.05
24.0490,21.7525,19.9192,19.2461,19.2523,19.0865,5.15
23.9651,21.8720,20.0364,19.3141,19.3387,19.1124,5.25
24.0995,21.8773,20.0495,19.3182,19.2717,19.0824,5.35
24.1107,21.8611,20.0430,19.3177,19.3245,19.0764,5.45
24.2131,21.9358,20.0776,19.3721,19.3235,19.1440,5.55
24.4536,22.1489,20.1787,19.4278,19.4334,19.2072,5.65
24.5753,22.2452,20.3691,19.5547,19.5289,19.2446,5.75
24.5612,22.3211,20.4260,19.5731,19.5684,19.2317,5.85
24.6902,22.3095,20.4683,19.5765,19.5398,19.2128,5.95
24.6724,22.2746,20.4394,19.6282,19.5367,19.2494,6.05
24.7432,22.4320,20.4927,19.6456,19.5962,19.3011,6.15
24.8857,22.5838,20.5973,19.7377,19.6605,19.3681,6.25
24.9621,22.6704,20.7103,19.8228,19.7324,19.3884,6.35
25.0437,22.7211,20.7515,19.8759,19.7693,19.3978,6.45
25.2125,22.7166,20.7495,19.8717,19.7380,19.3436,6.55
25.0723,22.6993,20.8023,19.9159,19.7364,19.4074,6.65
25.3419,22.7326,20.8600,19.9579,19.7948,19.4536,6.75
25.4008,22.8773,20.9062,19.9773,19.8009,19.4942,6.85
25.6773,22.9668,20.9552,20.0628,19.8727,19.5638,6.95
25.6343,22.9948,21.0633,20.1244,19.8821,19.5466,7.05
25.5751,23.0547,21.0723,20.1244,19.8815,19.5518,7.15
25.5961,23.0617,21.0595,20.1695,19.9046,19.5888,7.25
25.5161,23.0296,21.0889,20.2014,19.9452,19.6000,7.35
25.7762,23.0891,21.1058,20.2248,19.9462,19.6628,7.45
25.8473,23.1896,21.1432,20.2655,19.9629,19.7260,7.55
26.0303,23.2669,21.2171,20.3019,20.0046,19.7403,7.65
26.2697,23.3450,21.2811,20.3403,20.0191,19.7220,7.75
25.8573,23.3270,21.2649,20.3650,20.0378,19.7499,7.85
25.7901,23.3220,21.2582,20.3683,20.0028,19.7898,7.95
25.9796,23.3287,21.2921,20.4002,20.0511,19.8619,8.05
26.0250,23.3684,21.2979,20.4164,20.0827,19.9087,8.15
26.2924,23.3952,21.3101,20.4447,20.0917,19.9360,8.25
26.4292,23.5198,21.3725,20.5024,20.0949,19.9575,8.35
26.4795,23.5337,21.4021,20.5060,20.1543,19.9949,8.45
26.4357,23.4874,21.4568,20.5400,20.1420,20.0175,8.55
26.5873,23.5203,21.4353,20.5287,20.1392,20.0384,8.65
26.3908,23.5230,21.4617,20.5506,20.1218,20.0650,8.75
26.3471,23.5604,21.4632,20.5861,20.1260,20.1083,8.85
26.5326,23.4696,21.4698,20.5909,20.2033,20.2245,8.95
