u,g,r,i,z,y,time
28.0563,25.6865,24.8018,25.1379,25.4546,25.8364,0.05
28.0033,25.9618,24.6281,25.0232,25.2782,25.6479,0.15
28.4978,26.7012,24.8488,24.9026,25.1487,25.4070,0.25
29.0210,27.2586,25.2191,24.9153,25.0791,25.2481,0.35
29.5790,27.7152,25.6685,25.1961,25.1343,25.2608,0.45
30.0914,28.1088,26.0705,25.5324,25.2933,25.3660,0.55
30.4837,28.4501,26.3798,25.7992,25.4870,25.4642,0.65
30.7674,28.7022,26.6209,26.0069,25.6487,25.5438,0.75
31.0523,28.9004,26.8365,26.1713,25.7972,25.6408,0.85
31.2563,29.0476,27.0159,26.3203,25.9406,25.7843,0.95
31.4202,29.1628,27.1647,26.4587,26.0954,25.9429,1.05
31.6711,29.2642,27.3107,26.5899,26.2353,26.1061,1.15
31.7573,29.3720,27.4302,26.7035,26.3418,26.2686,1.25
31.9934,29.4208,27.5432,26.8199,26.4868,26.4241,1.35
32.1166,29.5469,27.6434,26.9187,26.6000,26.5593,1.45
32.2792,29.5961,27.7327,27.0276,26.7061,26.6862,1.55
32.3822,29.6765,27.8104,27.1268,26.8150,26.8077,1.65
32.5312,29.7541,27.8851,27.2196,26.9311,26.9287,1.75
32.8042,29.8168,27.9577,27.3005,27.0203,27.0316,1.85
32.7430,29.8685,28.0440,27.3792,27.1196,27.1402,1.95
33.0350,29.9298,28.0829,27.4623,27.2085,27.2347,2.05
33.2139,29.9993,28.1560,27.5384,27.3037,27.3395,2.15
33.1570,30.0666,28.2235,27.6303,27.3905,27.4381,2.25
33.3370,30.1558,28.2720,27.6882,27.4904,27.5368,2.35
33.6075,30.2074,28.3260,27.7609,27.5612,27.6272,2.45
33.7155,30.2944,28.3794,27.8274,27.6342,27.6915,2.55
33.8908,30.3307,28.4455,27.8853,27.7305,27.7769,2.65
33.8975,30.4316,28.4820,27.9641,27.7959,27.8802,2.75
33.8166,30.4730,28.5280,28.0368,27.8740,27.9468,2.85
34.3404,30.5573,28.5919,28.1072,27.9529,28.0187,2.95
34.0734,30.6365,28.6441,28.1706,28.0259,28.1010,3.05
34.2917,30.6682,28.7055,28.2035,28.0973,28.1856,3.15
34.7267,30.7582,28.7510,28.2877,28.1634,28.2320,3.25
35.0298,30.7842,28.8048,28.3382,28.2138,28.3137,3.35
34.8233,30.8842,28.8703,28.4114,28.3007,28.3946,3.45
35.1025,30.9620,28.9086,28.4740,28.3703,28.4624,3.55
35.0185,31.0031,28.9567,28.5342,28.4314,28.5094,3.65
35.3327,31.0938,29.0066,28.5753,28.4849,28.5861,3.75
35.5152,31.1693,29.0561,28.6219,28.5571,28.6583,3.85
35.8295,31.2041,29.0991,28.6725,28.6279,28.7353,3.95
35.9571,31.2997,29.1579,28.7420,28.6918,28.7993,4.05
35.5968,31.3688,29.1965,28.8042,28.7847,28.8665,4.15
36.3919,31.4394,29.2531,28.8675,28.8264,28.9338,4.25
36.2417,31.5499,29.3148,28.9078,28.8772,28.9623,4.35
36.5414,31.5695,29.3645,28.9598,28.9609,29.0378,4.45
36.6259,31.6521,29.4160,29.0188,29.0175,29.1026,4.55
36.6206,31.7583,29.4534,29.0676,29.0438,29.1424,4.65
36.6533,31.7873,29.5146,29.1201,29.1121,29.2349,4.75
36.5312,31.8649,29.5380,29.1806,29.1807,29.2853,4.85
37.3008,31.9881,29.6267,29.2065,29.2549,29.3484,4.95
37.3882,31.9955,29.6757,29.2932,29.3036,29.3602,5.05
37.2304,32.0837,29.6978,29.3278,29.3585,29.4456,5.15
37.9834,32.1666,29.7618,29.3600,29.4349,29.4756,5.25
38.0672,32.2769,29.8331,29.4221,29.5003,29.5633,5.35
38.2506,32.3245,29.8702,29.4822,29.5594,29.5971,5.45
37.7564,32.4275,29.9256,29.5357,29.6350,29.6716,5.55
38.3884,32.5056,29.9680,29.5678,29.6712,29.7196,5.65
38.7134,32.5633,30.0169,29.6303,29.6949,29.7436,5.75
38.6795,32.6499,30.0555,29.6980,29.7520,29.8092,5.85
38.4104,32.7234,30.1448,29.7370,29.8415,29.8654,5.95
38.1862,32.8429,30.2060,29.8025,29.8834,29.9344,6.05
39.0839,32.9109,30.2428,29.8578,29.9044,29.9888,6.15
38.5823,32.9634,30.3317,29.9313,29.9701,30.0502,6.25
38.7566,33.0673,30.3559,29.9650,30.0581,30.0326,6.35
40.1269,33.1571,30.4266,30.0182,30.0921,30.1164,6.45
40.3854,33.2927,30.4986,30.0697,30.1716,30.1796,6.55
38.9839,33.3526,30.5543,30.1113,30.1881,30.2622,6.65
39.2018,33.4781,30.5914,30.1719,30.2748,30.2581,6.75
39.6445,33.5163,30.6443,30.2437,30.3670,30.3687,6.85
39.1333,33.6512,30.7043,30.3194,30.3778,30.3889,6.95
38.6920,33.7789,30.7907,30.3534,30.4630,30.4226,7.05
39.5991,33.8367,30.8398,30.3761,30.5205,30.4669,7.15
38.8681,34.0003,30.8788,30.4489,30.5683,30.5897,7.25
44.2899,34.0340,30.9625,30.5366,30.6365,30.5622,7.35
42.6011,33.9209,30.9995,30.6036,30.6725,30.6556,7.45
39.8212,34.1640,31.1023,30.6696,30.7319,30.6988,7.55
40.3928,34.2709,31.1844,30.7169,30.7546,30.7378,7.65
-9999.0000,34.4595,31.2381,30.7614,30.8284,30.8398,7.75
40.4444,34.4491,31.2490,30.8177,30.8731,30.8454,7.85
-9999.0000,34.7342,31.3614,30.8611,30.9454,30.8837,7.95
-9999.0000,34.7494,31.4632,30.9007,31.0416,30.9486,8.05
-9999.0000,34.6794,31.5135,30.9896,31.1011,31.0591,8.15
-9999.0000,34.7937,31.5431,31.0306,31.1417,31.0036,8.25
-9999.0000,34.9339,31.6272,31.1209,31.2039,31.1107,8.35
-9999.0000,35.0529,31.7177,31.1694,31.2969,31.1784,8.45
-9999.0000,35.2226,31.7943,31.2632,31.2924,31.2306,8.55
40.8450,35.3367,31.8523,31.3111,31.4075,31.2482,8.65
-9999.0000,35.4565,31.9346,31.3767,31.4730,31.3243,8.75
-9999.0000,35.5045,32.0331,31.3947,31.5802,31.4264,8.85
40.8879,35.6724,32.0970,31.4724,31.6011,31.5131,8.95
