u,g,r,i,z,y,time
34.3020,33.5528,32.8771,32.3975,32.1644,31.9771,0.05
35.7318,34.3474,33.0209,32.2612,31.9199,31.4589,0.15
36.3788,34.3489,33.2682,32.5235,32.2338,31.3240,0.25
37.3463,34.7786,33.2407,32.7077,32.2438,31.4219,0.35
38.0207,35.0170,33.4620,32.6875,32.2878,31.4158,0.45
38.2041,35.4760,33.4750,32.7523,32.3778,31.4718,0.55
38.3117,35.4800,33.7837,32.8980,32.3815,31.5436,0.65
38.3208,35.9297,33.8277,32.9426,32.3295,31.5187,0.75
39.5206,36.4164,34.0936,32.9395,32.4885,31.5882,0.85
39.8126,36.7161,34.4205,33.1938,32.5618,31.6639,0.95
41.8916,37.0384,34.5201,33.4617,32.7611,31.6827,1.05
39.6546,37.3302,34.7750,33.6361,32.8150,31.8497,1.15
-9999.0000,38.2834,35.0422,33.7163,32.8716,31.7632,1.25
-9999.0000,37.9659,35.3019,33.8834,32.9140,31.8461,1.35
-9999.0000,39.3696,35.7209,34.2951,33.1603,32.0631,1.45
-9999.0000,38.8894,35.8009,34.4044,33.2812,32.0854,1.55
-9999.0000,39.6742,36.1170,34.2399,33.1848,31.9604,1.65
-9999.0000,39.1841,36.6113,34.8436,33.6783,32.4242,1.75
-9999.0000,39.5491,36.3052,34.6304,33.4617,32.2132,1.85
41.2256,40.3105,36.6279,35.0962,33.7566,32.5717,1.95
-9999.0000,40.6689,36.6384,34.8125,33.6041,32.3237,2.05
-9999.0000,39.8185,37.4489,35.4034,34.0884,32.7603,2.15
-9999.0000,39.6344,37.2348,35.3388,33.7508,32.4890,2.25
-9999.0000,41.5489,38.1569,35.7657,34.3425,33.0253,2.35
-9999.0000,41.9735,37.7225,35.7105,34.1436,32.7098,2.45
-9999.0000,-9999.0000,38.4409,35.8173,34.2890,32.9937,2.55
-9999.0000,40.3589,37.9903,35.9315,34.7055,33.1918,2.65
-9999.0000,42.8462,38.2986,35.7871,34.4796,32.9567,2.75
-9999.0000,42.1733,39.0538,36.5554,35.0147,33.3468,2.85
-9999.0000,-9999.0000,38.7899,36.2984,34.7733,33.4148,2.95
-9999.0000,-9999.0000,38.5780,36.0238,34.6866,33.2715,3.05
-9999.0000,-9999.0000,38.5053,36.7225,35.0732,33.7192,3.15
-9999.0000,-9999.0000,39.6233,36.6442,35.3344,33.7532,3.25
-9999.0000,-9999.0000,38.9909,36.8921,35.2145,33.7006,3.35
-9999.0000,-9999.0000,40.1216,36.9706,35.3043,33.8432,3.45
-9999.0000,-9999.0000,40.2389,37.2325,35.8426,34.0475,3.55
-9999.0000,-9999.0000,39.8052,37.5473,35.7558,33.9753,3.65
-9999.0000,-9999.0000,39.6720,37.0788,35.7512,34.1346,3.75
-9999.0000,-9999.0000,43.7689,38.0893,36.2296,34.4290,3.85
-9999.0000,-9999.0000,40.2246,37.6286,36.0899,34.2678,3.95
-9999.0000,-9999.0000,40.5760,37.6756,35.9200,34.2735,4.05
-9999.0000,-9999.0000,39.6616,38.2092,36.3330,34.5411,4.15
-9999.0000,-9999.0000,40.2144,37.3792,36.4117,34.8142,4.25
-9999.0000,-9999.0000,-9999.0000,38.5717,37.2706,35.2836,4.35
-9999.0000,-9999.0000,-9999.0000,38.4162,36.6092,34.8433,4.45
-9999.0000,-9999.0000,41.9558,38.3441,36.7181,34.8118,4.55
-9999.0000,-9999.0000,42.6613,39.4755,36.9748,35.1411,4.65
-9999.0000,-9999.0000,-9999.0000,39.8437,37.3334,35.4220,4.75
-9999.0000,-9999.0000,-9999.0000,38.8882,38.2931,35.3713,4.85
-9999.0000,-9999.0000,43.8737,39.4519,37.2262,35.5439,4.95
-9999.0000,-9999.0000,-9999.0000,39.7214,37.1822,35.5578,5.05
-9999.0000,-9999.0000,-9999.0000,39.0231,37.5827,35.7532,5.15
-9999.0000,-9999.0000,-9999.0000,39.5775,37.8260,36.0621,5.25
-9999.0000,-9999.0000,-9999.0000,39.1071,38.2379,35.8365,5.35
-9999.0000,-9999.0000,40.3016,44.1382,38.0044,35.9671,5.45
-9999.0000,-9999.0000,-9999.0000,39.9109,37.9509,35.6748,5.55
-9999.0000,-9999.0000,-9999.0000,39.9124,37.7963,36.2624,5.65
-9999.0000,-9999.0000,-9999.0000,-9999.0000,38.1079,36.4442,5.75
-9999.0000,-9999.0000,-9999.0000,41.1904,38.4184,36.2587,5.85
-9999.0000,-9999.0000,-9999.0000,40.0349,39.2022,36.5105,5.95
-9999.0000,-9999.0000,-9999.0000,-9999.0000,39.9501,36.5578,6.05
-9999.0000,-9999.0000,-9999.0000,-9999.0000,43.9324,36.5181,6.15
-9999.0000,-9999.0000,-9999.0000,-9999.0000,38.1155,36.8101,6.25
-9999.0000,-9999.0000,-9999.0000,42.7240,38.4551,36.9984,6.35
-9999.0000,-9999.0000,-9999.0000,41.3286,37.6395,36.9527,6.45
-9999.0000,-9999.0000,-9999.0000,-9999.0000,39.3260,36.5321,6.55
-9999.0000,-9999.0000,-9999.0000,43.0011,38.5847,36.5594,6.65
-9999.0000,-9999.0000,-9999.0000,40.2550,37.7012,36.1828,6.75
-9999.0000,-9999.0000,-9999.0000,40.6428,38.4751,36.2897,6.85
-9999.0000,-9999.0000,-9999.0000,-9999.0000,39.4809,37.1232,6.95
-9999.0000,-9999.0000,-9999.0000,-9999.0000,39.2829,36.7745,7.05
-9999.0000,-9999.0000,-9999.0000,50.2041,38.6155,36.8805,7.15
-9999.0000,-9999.0000,-9999.0000,40.2611,38.5168,36.8857,7.25
-9999.0000,-9999.0000,-9999.0000,-9999.0000,37.9139,36.9938,7.35
-9999.0000,-9999.0000,-9999.0000,40.8173,38.3846,36.7284,7.45
-9999.0000,-9999.0000,-9999.0000,-9999.0000,38.8014,36.7395,7.55
-9999.0000,-9999.0000,-9999.0000,39.6055,38.5240,37.2699,7.65
-9999.0000,-9999.0000,-9999.0000,42.1295,39.5546,36.6654,7.75
-9999.0000,-9999.0000,-9999.0000,42.0192,39.1372,36.5474,7.85
-9999.0000,-9999.0000,-9999.0000,-9999.0000,39.8746,37.2433,7.95
-9999.0000,-9999.0000,-9999.0000,-9999.0000,38.9799,36.8240,8.05
-9999.0000,-9999.0000,-9999.0000,-9999.0000,39.1789,37.1489,8.15
-9999.0000,-9999.0000,-9999.0000,39.4731,38.6165,37.0761,8.25
-9999.0000,-9999.0000,-9999.0000,-9999.0000,-9999.0000,36.7842,8.35
-9999.0000,-9999.0000,-9999.0000,39.7752,38.5611,36.8034,8.45
-9999.0000,-9999.0000,-9999.0000,39.8677,39.3624,37.4826,8.55
-9999.0000,-9999.0000,-9999.0000,-9999.0000,39.9056,37.3678,8.65
-9999.0000,-9999.0000,-9999.0000,-9999.0000,38.0781,37.1405,8.75
-9999.0000,-9999.0000,40.7883,43.5602,38.9226,37.0527,8.85
-9999.0000,-9999.0000,-9999.0000,-9999.0000,38.7600,36.8385,8.95
