u,g,r,i,z,y,time
19.6175,19.2649,19.3667,19.7078,19.9671,20.1659,0.05
18.8646,18.4831,18.6763,19.0701,19.3223,19.5185,0.15
18.6371,18.1401,18.3194,18.6883,18.9925,19.2088,0.25
18.6724,17.9731,18.1051,18.4778,18.7310,18.9946,0.35
18.8567,17.8790,17.9698,18.2663,18.5440,18.7983,0.45
19.1402,17.8543,17.8617,18.1506,18.3874,18.6602,0.55
19.4702,17.8975,17.7599,18.0394,18.2781,18.5446,0.65
19.7570,17.9776,17.6592,17.9544,18.1430,18.4670,0.75
20.0234,18.1079,17.5773,17.8592,18.0569,18.3935,0.85
20.2730,18.2854,17.5137,17.8203,17.9796,18.3395,0.95
20.5134,18.5112,17.4710,17.7709,17.9028,18.3196,1.05
20.6829,18.7105,17.4505,17.7292,17.8269,18.2827,1.15
20.8721,18.9042,17.4783,17.7106,17.7855,18.2178,1.25
21.0100,19.0718,17.5141,17.6788,17.7451,18.1946,1.35
21.1921,19.2302,17.5521,17.6616,17.7111,18.1486,1.45
21.2571,19.3536,17.5946,17.6345,17.6792,18.0998,1.55
21.4331,19.4622,17.6525,17.6375,17.6638,18.0320,1.65
21.5433,19.6131,17.7127,17.6186,17.6451,17.9723,1.75
21.6338,19.7384,17.7725,17.6189,17.6328,17.9239,1.85
21.8214,19.9211,17.8770,17.6554,17.6479,17.8863,1.95
21.9405,20.0548,17.9464,17.6602,17.6499,17.8418,2.05
22.0414,20.2321,18.0281,17.6997,17.6570,17.8051,2.15
22.1980,20.3566,18.1018,17.7434,17.6987,17.7877,2.25
22.3589,20.4964,18.1915,17.7896,17.7143,17.7832,2.35
22.5133,20.6184,18.2898,17.8442,17.7293,17.7547,2.45
22.7097,20.7151,18.3829,17.9188,17.7486,17.7635,2.55
22.8820,20.8242,18.5338,18.0239,17.7744,17.7525,2.65
23.0124,20.9498,18.6114,18.0770,17.7899,17.7405,2.75
23.1752,21.0320,18.7568,18.1874,17.7931,17.7494,2.85
23.2470,21.1497,18.8855,18.3105,17.8286,17.7826,2.95
23.4804,21.2549,18.9768,18.3789,17.8504,17.7825,3.05
23.4835,21.3677,19.1078,18.4458,17.8818,17.8184,3.15
23.7800,21.5023,19.2233,18.5503,17.9301,17.8548,3.25
23.9153,21.6355,19.2929,18.6117,17.9818,17.8558,3.35
23.8770,21.7260,19.3781,18.6688,18.0070,17.9150,3.45
24.0957,21.8583,19.4765,18.7463,18.0562,17.9282,3.55
24.1605,21.9208,19.5517,18.8149,18.1100,17.9735,3.65
24.4700,22.0391,19.6262,18.8760,18.1622,17.9969,3.75
24.4627,22.1044,19.7200,18.9101,18.1984,18.0347,3.85
24.6638,22.1660,19.7976,18.9602,18.2502,18.0890,3.95
24.6912,22.2348,19.8407,19.0020,18.2976,18.1063,4.05
24.7527,22.3952,19.8881,19.0479,18.3292,18.1408,4.15
24.9456,22.4553,19.9632,19.0917,18.3846,18.2012,4.25
25.1829,22.5157,20.0146,19.1601,18.4349,18.2422,4.35
25.1765,22.5808,20.0478,19.2220,18.4826,18.2640,4.45
25.1999,22.6398,20.1091,19.2335,18.5120,18.2901,4.55
25.7020,22.7443,20.1603,19.2500,18.5236,18.3368,4.65
25.2574,22.7102,20.2374,19.3001,18.6116,18.3931,4.75
25.4629,22.8005,20.2904,19.3354,18.6229,18.4209,4.85
25.5589,22.8452,20.3169,19.3479,18.6668,18.4690,4.95
25.3929,22.9172,20.3767,19.3961,18.7138,18.5277,5.05
25.5920,23.0459,20.4057,19.4184,18.7124,18.5618,5.15
25.7568,23.0528,20.4407,19.4367,18.7699,18.6053,5.25
25.6384,23.0116,20.5078,19.4923,18.8109,18.6479,5.35
25.9178,23.1119,20.5296,19.5311,18.8323,18.6856,5.45
25.8450,23.1344,20.5489,19.5582,18.8444,18.7434,5.55
25.9429,23.2586,20.5891,19.5556,18.8909,18.7907,5.65
25.9525,23.1917,20.6113,19.5900,18.9066,18.8148,5.75
25.9917,23.1844,20.7057,19.6361,18.9548,18.8699,5.85
26.0252,23.2804,20.7242,19.6621,18.9835,18.9068,5.95
26.0052,23.3454,20.7443,19.6982,19.0179,18.9525,6.05
26.4066,23.3562,20.7407,19.6987,19.0222,19.0016,6.15
26.3951,23.3528,20.7756,19.7427,19.0773,19.0319,6.25
26.0630,23.3993,20.8394,19.7658,19.1018,19.0537,6.35
26.1269,23.4519,20.8553,19.7926,19.1338,19.1605,6.45
26.8496,23.5424,20.8826,19.8225,19.1302,19.1586,6.55
26.7206,23.4897,20.9238,19.8485,19.1833,19.2152,6.65
26.8776,23.6431,20.9312,19.8754,19.2072,19.2332,6.75
26.3404,23.5815,20.9675,19.8772,19.2130,19.2922,6.85
26.6313,23.6527,20.9987,19.9138,19.2576,19.3379,6.95
26.8185,23.5705,20.9976,19.9531,19.2775,19.3409,7.05
26.7639,23.6669,21.0479,19.9553,19.2755,19.3678,7.15
26.6741,23.6994,21.0700,19.9719,19.3098,19.4379,7.25
27.0859,23.6999,21.0629,20.0136,19.3414,19.4826,7.35
27.5720,23.7528,21.1427,20.0451,19.3534,19.5258,7.45
26.8308,23.8174,21.1616,20.0412,19.3883,19.5603,7.55
26.7175,23.8332,21.1841,20.0573,19.4008,19.6343,7.65
27.2664,23.9048,21.2007,20.1139,19.4324,19.6495,7.75
27.0314,23.8872,21.2262,20.1037,19.4396,19.6551,7.85
26.9996,24.0448,21.2832,20.1635,19.5004,19.7319,7.95
27.1062,23.9722,21.2689,20.1356,19.4797,19.7468,8.05
27.8927,23.9453,21.2942,20.1709,19.5070,19.7685,8.15
27.0509,24.0492,21.3394,20.2113,19.5442,19.7837,8.25
26.9532,23.9969,21.3439,20.2264,19.5908,19.8480,8.35
27.5720,24.0192,21.3597,20.2314,19.5598,19.8933,8.45
27.5868,24.0278,21.4247,20.2597,19.6120,19.9044,8.55
27.4292,24.0843,21.4038,20.2803,19.6116,19.9572,8.65
27.4813,24.1571,21.4051,20.2853,19.6270,19.9662,8.75
27.2636,24.0741,21.4529,20.3193,19.6606,20.0015,8.85
27.3961,24.1596,21.4563,20.3448,19.7008,20.0450,8.95
