u,g,r,i,z,y,time
30.1856,27.9658,25.9699,25.8653,26.0043,26.1880,0.05
30.4504,28.5463,25.8723,25.4531,25.5925,25.7045,0.15
30.7577,28.8325,26.1610,25.3588,25.4173,25.5055,0.25
30.9834,29.1248,26.6070,25.4472,25.3421,25.4408,0.35
31.3539,29.3493,26.9870,25.6545,25.3555,25.4279,0.45
31.7486,29.6012,27.2661,25.9259,25.4640,25.4228,0.55
32.1165,29.8023,27.5041,26.1718,25.6760,25.4662,0.65
32.3811,29.9812,27.7379,26.4263,25.9172,25.5687,0.75
32.6431,30.2418,27.9680,26.6563,26.1624,25.7403,0.85
32.9894,30.3532,28.1776,26.8352,26.3563,25.9351,0.95
33.1014,30.5415,28.3605,27.0041,26.4991,26.0982,1.05
33.4164,30.7281,28.5518,27.1464,26.6063,26.2366,1.15
33.5840,30.8425,28.6754,27.2813,26.7183,26.3535,1.25
33.8549,30.9661,28.8468,27.4156,26.8211,26.4420,1.35
33.9387,31.0187,28.9873,27.5194,26.9228,26.5446,1.45
34.4596,31.2076,29.1143,27.6177,26.9965,26.6013,1.55
34.5743,31.3032,29.1739,27.7239,27.0989,26.6849,1.65
34.5985,31.4319,29.2615,27.8368,27.1822,26.7760,1.75
35.1159,31.5200,29.3710,27.9160,27.2513,26.8315,1.85
34.9565,31.5846,29.4665,27.9927,27.3205,26.9090,1.95
35.3478,31.7619,29.5359,28.0963,27.3899,26.9863,2.05
35.8189,31.7415,29.5686,28.1697,27.4651,27.0498,2.15
35.4137,31.9455,29.6887,28.2549,27.5355,27.1097,2.25
35.9929,32.0684,29.7521,28.3160,27.5703,27.1478,2.35
36.2325,32.0623,29.8070,28.3911,27.6590,27.2247,2.45
36.8667,32.2714,29.8805,28.4563,27.7130,27.2998,2.55
36.9831,32.2752,29.9048,28.5258,27.7736,27.3212,2.65
36.2169,32.4180,29.9640,28.5835,27.8715,27.3988,2.75
37.2486,32.3340,30.0186,28.6210,27.9170,27.4650,2.85
37.0474,32.5799,30.0617,28.7196,27.9676,27.5240,2.95
36.5752,32.7768,30.1200,28.7728,28.0229,27.5750,3.05
36.5854,32.7818,30.1984,28.8428,28.0697,27.5994,3.15
37.2127,32.7756,30.2034,28.8625,28.1375,27.6811,3.25
39.4174,32.9583,30.2373,28.9341,28.2227,27.7322,3.35
38.6017,32.9547,30.3081,28.9787,28.2399,27.7566,3.45
37.4879,32.9800,30.3633,29.0273,28.3097,27.8562,3.55
37.7951,33.1788,30.4382,29.0568,28.3548,27.8992,3.65
37.3922,33.2126,30.4726,29.1217,28.4031,27.9240,3.75
36.8039,33.1403,30.5819,29.1806,28.4445,27.9814,3.85
38.8563,33.3570,30.5371,29.2396,28.5073,28.0559,3.95
37.9616,33.5292,30.6063,29.2728,28.5478,28.1038,4.05
38.7111,33.5549,30.6724,29.3121,28.6078,28.1589,4.15
38.2332,33.6280,30.7057,29.3236,28.6541,28.1790,4.25
39.2674,33.6859,30.7729,29.3724,28.6887,28.2474,4.35
38.1952,33.7593,30.8006,29.4347,28.7333,28.2851,4.45
40.2395,33.8307,30.8416,29.4838,28.7925,28.3244,4.55
43.7273,34.0196,30.9050,29.5228,28.8283,28.3518,4.65
38.9854,33.9285,30.9393,29.5709,28.9000,28.4126,4.75
38.4292,33.9967,30.9736,29.6249,28.9049,28.4540,4.85
39.7117,34.2127,31.0724,29.6629,28.9603,28.5251,4.95
39.6710,34.3444,31.1710,29.6665,29.0158,28.5731,5.05
-9999.0000,34.2703,31.1579,29.7670,29.0773,28.5910,5.15
39.0971,34.3826,31.1725,29.7932,29.1114,28.6545,5.25
39.3267,34.4129,31.2286,29.8260,29.1121,28.6741,5.35
-9999.0000,34.6072,31.3096,29.8647,29.1994,28.7464,5.45
-9999.0000,34.6683,31.3318,29.9137,29.2198,28.7813,5.55
39.3683,34.6379,31.4345,29.9052,29.2910,28.8176,5.65
-9999.0000,34.7465,31.4539,29.9873,29.2765,28.8288,5.75
40.1285,34.8287,31.5327,30.0078,29.3431,28.8976,5.85
-9999.0000,34.7841,31.5588,30.0771,29.3766,28.9437,5.95
39.8556,35.0154,31.6321,30.0656,29.4232,28.9614,6.05
-9999.0000,35.1069,31.6540,30.1157,29.4581,29.0320,6.15
43.0747,35.2454,31.6824,30.2128,29.4663,29.0567,6.25
40.9873,35.4359,31.7620,30.2165,29.5422,29.1034,6.35
39.8162,35.4876,31.7944,30.2757,29.6038,29.1309,6.45
-9999.0000,35.3958,31.8204,30.3087,29.6471,29.1764,6.55
42.2557,35.4373,31.9063,30.2941,29.6595,29.2347,6.65
40.2853,35.8051,31.9069,30.3592,29.6968,29.2634,6.75
-9999.0000,35.8047,31.9846,30.3683,29.7339,29.3098,6.85
-9999.0000,35.7915,32.0687,30.4789,29.7315,29.3327,6.95
43.5124,36.0052,32.0914,30.4715,29.8081,29.4000,7.05
-9999.0000,35.6533,32.1297,30.5224,29.8430,29.4119,7.15
-9999.0000,35.9635,32.1932,30.5738,29.8665,29.4444,7.25
-9999.0000,36.2178,32.3052,30.6231,29.9232,29.4770,7.35
-9999.0000,36.2373,32.3775,30.6678,29.9779,29.5306,7.45
-9999.0000,36.3650,32.3685,30.7020,29.9934,29.5437,7.55
-9999.0000,36.6819,32.4743,30.7310,30.0231,29.5954,7.65
41.5995,36.3389,32.5521,30.7766,30.0810,29.6207,7.75
-9999.0000,36.4579,32.5195,30.7948,30.1047,29.6772,7.85
-9999.0000,36.5239,32.5619,30.8521,30.1521,29.7171,7.95
-9999.0000,36.5184,32.6711,30.9151,30.1845,29.7566,8.05
-9999.0000,36.8482,32.7276,30.9316,30.1841,29.7619,8.15
40.4545,37.0053,32.8038,30.9419,30.2755,29.8495,8.25
-9999.0000,37.0141,32.7925,31.0214,30.2614,29.8385,8.35
-9999.0000,36.9228,32.9093,31.0129,30.2957,29.8434,8.45
-9999.0000,37.0334,32.9563,31.1527,30.3928,29.9215,8.55
-9999.0000,36.9522,32.9651,31.1750,30.3760,29.9712,8.65
-9999.0000,37.2488,33.0584,31.1777,30.4198,30.0169,8.75
-9999.0000,37.1405,33.1534,31.2502,30.4411,30.0518,8.85
-9999.0000,37.8410,33.1928,31.2506,30.5160,30.1005,8.95
