u,g,r,i,z,y,time
27.9667,27.7711,28.0428,28.3232,28.6148,28.6896,0.05
26.8227,26.7705,27.1081,27.4658,27.8476,28.0237,0.15
26.3588,26.3052,26.6633,27.0317,27.4610,27.5785,0.25
26.1717,26.0398,26.3906,26.7335,27.1676,27.2838,0.35
26.1002,25.8603,26.1564,26.4726,26.8985,27.0641,0.45
26.1188,25.7619,26.0182,26.2965,26.7667,26.8898,0.55
26.2556,25.7230,25.8943,26.1672,26.6217,26.7467,0.65
26.3847,25.7204,25.7960,26.0308,26.4885,26.6164,0.75
26.5162,25.7152,25.7129,25.9163,26.3398,26.4673,0.85
26.7160,25.7449,25.6490,25.8574,26.2581,26.3434,0.95
26.9256,25.7853,25.5952,25.7872,26.1443,26.2663,1.05
27.1372,25.8097,25.5517,25.7325,26.0517,26.1839,1.15
27.3292,25.8365,25.4970,25.6910,25.9795,26.0705,1.25
27.5452,25.9117,25.5225,25.7033,25.9426,26.0615,1.35
27.9037,26.0063,25.5037,25.6782,25.8928,26.0210,1.45
28.0860,26.0232,25.4374,25.5913,25.8143,25.9537,1.55
28.2630,26.1062,25.4897,25.6240,25.8286,25.9575,1.65
28.7376,26.2595,25.4971,25.5859,25.8121,25.9225,1.75
28.7356,26.2741,25.4831,25.5544,25.7819,25.8771,1.85
29.1240,26.5036,25.5830,25.5644,25.7893,25.9031,1.95
29.0729,26.5129,25.5433,25.5017,25.7409,25.8707,2.05
29.4777,26.8066,25.7061,25.5308,25.7911,25.8929,2.15
29.3411,26.7873,25.6752,25.4641,25.7595,25.8536,2.25
29.7667,27.1637,25.8729,25.5220,25.7886,25.8810,2.35
29.7180,27.1840,25.9136,25.4850,25.7546,25.8635,2.45
29.9788,27.4198,26.0262,25.4991,25.7566,25.8395,2.55
30.2608,27.7274,26.2804,25.5535,25.8007,25.9001,2.65
30.1347,27.6972,26.2334,25.4901,25.7385,25.8075,2.75
30.6054,28.1340,26.5364,25.6058,25.7637,25.8461,2.85
30.7832,28.2999,26.6704,25.6548,25.7883,25.8491,2.95
30.8447,28.2887,26.6676,25.6310,25.7200,25.7994,3.05
31.3569,28.7310,27.0154,25.7791,25.7775,25.8493,3.15
31.4494,28.8479,27.1683,25.8599,25.8255,25.8681,3.25
31.5878,28.8814,27.1541,25.8600,25.7650,25.8052,3.35
31.9394,29.2037,27.4231,25.9868,25.8038,25.8207,3.45
32.4211,29.4268,27.6561,26.1821,25.9458,25.9376,3.55
32.4779,29.4561,27.6492,26.2062,25.9074,25.9105,3.65
32.6742,29.6063,27.7555,26.2669,25.9258,25.8931,3.75
32.9632,29.9451,28.0056,26.4756,26.0441,25.9700,3.85
33.3317,30.0651,28.0756,26.6404,26.1814,26.0695,3.95
33.3268,30.0446,28.1330,26.6469,26.1853,26.0333,4.05
33.6358,30.2229,28.1784,26.7111,26.1866,26.0404,4.15
33.9796,30.4798,28.3872,26.8609,26.2757,26.1122,4.25
33.9474,30.5902,28.4294,26.9844,26.3565,26.1851,4.35
34.1618,30.5373,28.4042,27.0145,26.3872,26.1618,4.45
34.2096,30.6260,28.4498,27.0364,26.4054,26.1938,4.55
34.7558,30.9115,28.6281,27.1192,26.4347,26.2271,4.65
35.1690,30.9872,28.7081,27.2068,26.5212,26.3153,4.75
34.8638,30.9544,28.7264,27.2504,26.5446,26.3191,4.85
34.6508,30.9586,28.6823,27.2337,26.5595,26.3610,4.95
34.7138,31.1479,28.7404,27.2919,26.6182,26.3845,5.05
35.5092,31.2537,28.8726,27.3730,26.6333,26.4657,5.15
35.2809,31.3517,28.9213,27.4168,26.6890,26.5207,5.25
35.8517,31.3704,28.9181,27.4468,26.6759,26.5158,5.35
35.5961,31.2715,28.8954,27.4216,26.7096,26.5531,5.45
36.0013,31.3576,28.9518,27.4613,26.7727,26.6115,5.55
36.3643,31.6424,29.0394,27.5319,26.8040,26.6854,5.65
35.7049,31.5908,29.1563,27.6043,26.8441,26.7135,5.75
35.9629,31.6412,29.1135,27.5983,26.8590,26.6934,5.85
34.9915,31.5684,29.1032,27.6153,26.8736,26.7577,5.95
36.2858,31.6047,29.0801,27.6322,26.9199,26.8310,6.05
36.5098,31.8776,29.1458,27.6470,26.9401,26.8787,6.15
35.7540,31.8895,29.2543,27.7068,27.0020,26.9531,6.25
35.8213,32.0563,29.3454,27.7631,26.9938,26.9936,6.35
37.3765,31.9555,29.2877,27.7398,26.9877,26.9665,6.45
36.1224,32.0768,29.2767,27.7461,27.0430,26.9862,6.55
36.8762,31.9444,29.2378,27.7626,27.0528,27.0745,6.65
36.3816,32.0932,29.3316,27.7897,27.0911,27.1612,6.75
36.1156,32.2519,29.3657,27.8515,27.1097,27.1797,6.85
36.4043,32.2409,29.4305,27.8633,27.1453,27.2306,6.95
36.2670,32.1771,29.4337,27.8862,27.1740,27.2490,7.05
36.5994,32.2213,29.4394,27.9084,27.1540,27.2378,7.15
40.5306,32.1994,29.3955,27.8855,27.1959,27.3440,7.25
37.0182,32.2547,29.4100,27.9107,27.2216,27.3670,7.35
35.9837,32.2651,29.4419,27.9239,27.2177,27.4312,7.45
36.6970,32.3293,29.4528,27.9546,27.2309,27.4779,7.55
37.9069,32.4573,29.5400,27.9740,27.2770,27.5233,7.65
38.6320,32.3805,29.4977,27.9835,27.2651,27.5100,7.75
37.2119,32.3729,29.5087,28.0042,27.2882,27.4920,7.85
36.6848,32.2746,29.4991,27.9850,27.2917,27.5582,7.95
36.9065,32.4678,29.4941,27.9751,27.3494,27.6096,8.05
36.8870,32.4627,29.5413,28.0165,27.3492,27.6729,8.15
39.2443,32.4340,29.5619,28.0085,27.3641,27.7590,8.25
38.1558,32.5582,29.5939,28.0676,27.3891,27.7329,8.35
36.9145,32.6746,29.6467,28.0777,27.3880,27.7626,8.45
37.2172,32.6229,29.6457,28.0877,27.4018,27.7801,8.55
36.9559,32.5958,29.6372,28.0972,27.4151,27.7925,8.65
36.6985,32.5657,29.5790,28.0542,27.4445,27.8400,8.75
37.3176,32.5329,29.5910,28.0497,27.4666,27.8932,8.85
37.9733,32.5066,29.5878,28.0930,27.4710,27.9438,8.95
