u,g,r,i,z,y,time
33.8519,32.0572,30.7967,30.0415,29.8183,29.9472,0.05
33.7150,31.6801,30.2520,29.3112,28.9397,29.1098,0.15
33.6392,31.5700,30.1175,29.0452,28.5653,28.6928,0.25
33.8883,31.5992,30.2533,29.1161,28.4030,28.5275,0.35
34.1356,31.7645,30.5530,29.3698,28.4111,28.4327,0.45
34.5709,32.1218,30.9097,29.7477,28.5742,28.4352,0.55
35.1174,32.4884,31.2601,30.1121,28.8548,28.5275,0.65
36.1072,33.0699,31.7479,30.5989,29.2776,28.7039,0.75
37.1576,33.6341,32.2469,31.0010,29.7064,28.9463,0.85
37.6405,34.2317,32.7211,31.3007,29.9995,29.2429,0.95
39.4864,34.7055,33.1741,31.6440,30.2707,29.5295,1.05
39.5312,35.2116,33.6377,31.9503,30.5356,29.7514,1.15
40.5848,35.8326,34.0746,32.2805,30.7943,29.9463,1.25
41.0279,36.4544,34.4242,32.6018,31.0098,30.1076,1.35
-9999.0000,36.8091,34.8054,32.8274,31.2323,30.3003,1.45
-9999.0000,37.3569,35.1383,33.2197,31.5105,30.5227,1.55
-9999.0000,37.8736,35.6577,33.4780,31.7405,30.7082,1.65
-9999.0000,38.3570,35.9548,33.6409,31.9907,30.9176,1.75
-9999.0000,38.8558,36.4228,33.8942,32.2355,31.0982,1.85
-9999.0000,38.8805,36.6592,34.2366,32.3616,31.2469,1.95
-9999.0000,39.8799,37.0537,34.4457,32.5808,31.4131,2.05
-9999.0000,39.6688,37.0153,34.5517,32.7470,31.5498,2.15
-9999.0000,40.7487,37.3261,34.8034,32.9027,31.7021,2.25
-9999.0000,40.3216,37.7750,35.0482,33.0629,31.8127,2.35
-9999.0000,40.7777,37.8096,35.2312,33.1675,31.8775,2.45
-9999.0000,41.1122,38.1951,35.4787,33.3830,32.0315,2.55
-9999.0000,41.5964,38.3232,35.4471,33.3652,32.0927,2.65
-9999.0000,41.6589,38.5370,35.6556,33.5358,32.2436,2.75
-9999.0000,42.7993,38.5731,35.9207,33.6936,32.3699,2.85
-9999.0000,41.3770,39.7064,35.7043,33.7404,32.3581,2.95
-9999.0000,-9999.0000,39.4469,35.9212,33.8104,32.5109,3.05
-9999.0000,40.9985,39.2532,36.1917,34.0336,32.6224,3.15
-9999.0000,41.5394,40.0912,36.2046,34.1659,32.7014,3.25
-9999.0000,-9999.0000,40.4462,36.0499,34.2199,32.7139,3.35
-9999.0000,43.4780,38.4667,36.4707,34.2439,32.9044,3.45
-9999.0000,-9999.0000,39.1718,36.6075,34.3641,32.9868,3.55
-9999.0000,-9999.0000,40.3065,36.4093,34.3581,32.9241,3.65
-9999.0000,-9999.0000,40.4999,36.3210,34.4891,33.0413,3.75
-9999.0000,-9999.0000,40.9012,36.3921,34.6718,33.2380,3.85
-9999.0000,-9999.0000,40.5285,36.4672,34.8078,33.1818,3.95
-9999.0000,-9999.0000,39.7104,36.5159,34.7466,33.1736,4.05
-9999.0000,-9999.0000,39.2986,36.6140,34.8591,33.1985,4.15
-9999.0000,42.4577,40.9953,36.6240,34.9336,33.3467,4.25
-9999.0000,41.6344,39.0784,36.6255,34.6906,33.3541,4.35
-9999.0000,-9999.0000,40.0458,36.6648,34.7663,33.4036,4.45
-9999.0000,-9999.0000,39.3177,36.5803,34.9683,33.3505,4.55
-9999.0000,-9999.0000,41.0137,36.7920,34.8011,33.3823,4.65
-9999.0000,-9999.0000,39.1709,36.6597,34.8785,33.4069,4.75
-9999.0000,-9999.0000,39.6334,36.7500,34.9039,33.4254,4.85
-9999.0000,-9999.0000,39.3406,36.6899,34.6485,33.4369,4.95
-9999.0000,-9999.0000,39.2489,36.7536,34.7995,33.3943,5.05
-9999.0000,-9999.0000,38.7380,36.5694,34.8202,33.4575,5.15
-9999.0000,-9999.0000,39.6483,36.6455,34.7497,33.4507,5.25
-9999.0000,-9999.0000,39.4309,36.4553,34.8276,33.4358,5.35
-9999.0000,-9999.0000,39.7804,36.6536,34.8433,33.5074,5.45
-9999.0000,-9999.0000,39.6304,36.6201,34.7995,33.4568,5.55
-9999.0000,-9999.0000,39.9125,36.6097,34.8196,33.3780,5.65
-9999.0000,-9999.0000,39.3247,36.5386,34.8070,33.4217,5.75
-9999.0000,-9999.0000,38.8832,36.3124,34.8338,33.4713,5.85
-9999.0000,45.5555,39.7582,36.4202,34.8059,33.4030,5.95
-9999.0000,41.9013,39.1370,36.4127,34.8483,33.3636,6.05
-9999.0000,-9999.0000,39.4453,36.4334,34.7179,33.3178,6.15
-9999.0000,-9999.0000,39.5846,36.5917,34.8142,33.4245,6.25
-9999.0000,-9999.0000,38.9832,36.3855,34.6829,33.4716,6.35
-9999.0000,42.6710,40.1671,36.3584,34.8695,33.4691,6.45
-9999.0000,-9999.0000,39.8687,36.7366,34.8272,33.4348,6.55
-9999.0000,-9999.0000,40.7588,36.2628,34.6826,33.4213,6.65
-9999.0000,-9999.0000,39.1550,36.4824,34.7626,33.4448,6.75
-9999.0000,-9999.0000,39.2813,36.4265,34.6978,33.4707,6.85
-9999.0000,-9999.0000,39.0906,36.3571,34.9056,33.5353,6.95
-9999.0000,-9999.0000,39.7140,36.3314,34.7374,33.5265,7.05
-9999.0000,-9999.0000,39.2490,36.5626,34.8492,33.5762,7.15
-9999.0000,-9999.0000,39.9986,36.7684,34.7956,33.4841,7.25
-9999.0000,-9999.0000,40.1936,36.4847,34.6855,33.5307,7.35
-9999.0000,-9999.0000,39.3884,36.3163,34.8003,33.5324,7.45
-9999.0000,-9999.0000,39.4687,36.5406,34.8455,33.5353,7.55
-9999.0000,-9999.0000,39.2425,36.3929,34.8639,33.4804,7.65
-9999.0000,-9999.0000,40.4484,36.5091,34.7939,33.5599,7.75
-9999.0000,44.2653,38.8919,36.3668,34.8786,33.5533,7.85
-9999.0000,44.9326,39.3051,36.4062,34.8449,33.5685,7.95
-9999.0000,-9999.0000,39.4464,36.2893,34.9716,33.5903,8.05
-9999.0000,-9999.0000,39.2999,36.2811,35.1872,33.6560,8.15
-9999.0000,44.3187,39.2002,36.5240,34.9132,33.5149,8.25
-9999.0000,-9999.0000,40.4004,36.3625,34.8869,33.6214,8.35
-9999.0000,-9999.0000,39.5542,36.3743,34.9369,33.6292,8.45
-9999.0000,-9999.0000,39.3576,36.2895,34.9191,33.6625,8.55
-9999.0000,-9999.0000,39.8681,36.6915,35.0110,33.7199,8.65
-9999.0000,-9999.0000,39.2732,36.3887,34.9832,33.7622,8.75
-9999.0000,-9999.0000,39.6268,36.2954,35.1398,33.8124,8.85
-9999.0000,-9999.0000,39.5080,36.4539,34.9574,33.6995,8.95
