u,g,r,i,z,y,time
26.1911,25.6677,25.7790,26.0825,26.3437,26.5199,0.05
25.2966,24.9341,25.1291,25.5323,25.7925,26.0383,0.15
25.2178,24.7866,24.8903,25.2649,25.5450,25.7775,0.25
25.4101,24.7698,24.8076,25.0999,25.3869,25.6036,0.35
25.8217,24.8284,24.7309,24.9908,25.2711,25.4524,0.45
26.4066,25.0146,24.6869,24.9080,25.1877,25.3153,0.55
26.9953,25.3233,24.6484,24.8645,25.1277,25.2183,0.65
27.6960,25.7436,24.6677,24.8243,25.0998,25.1321,0.75
28.2271,26.1541,24.7772,24.8129,25.0732,25.0767,0.85
28.6488,26.4967,24.9402,24.7833,25.0630,25.0399,0.95
29.0803,26.7959,25.1449,24.7640,25.0659,25.0212,1.05
29.4042,27.0505,25.3760,24.7987,25.0703,25.0038,1.15
29.7129,27.2961,25.6165,24.8549,25.0932,25.0115,1.25
30.0447,27.5051,25.9064,24.9386,25.1365,25.0437,1.35
30.2678,27.6785,26.1880,25.0607,25.1919,25.1040,1.45
30.6481,27.9281,26.5126,25.1790,25.2771,25.1415,1.55
31.1353,28.1891,26.7287,25.2999,25.3791,25.1540,1.65
31.3207,28.4583,26.9896,25.5172,25.5343,25.2132,1.75
31.8077,28.7493,27.2452,25.6748,25.6050,25.2252,1.85
32.0058,28.9768,27.4541,25.9659,25.7897,25.3436,1.95
32.4060,29.2471,27.6718,26.0948,25.8351,25.3658,2.05
32.8917,29.4456,27.8539,26.3535,25.9991,25.5265,2.15
33.1960,29.7096,28.0165,26.4407,26.0835,25.5506,2.25
33.2025,29.9414,28.1964,26.6268,26.1988,25.6909,2.35
33.8050,30.0873,28.2705,26.7078,26.2349,25.7517,2.45
33.8688,30.3175,28.4775,26.8022,26.3230,25.8207,2.55
34.5463,30.3555,28.5265,26.8999,26.4121,25.9096,2.65
34.2785,30.5734,28.6185,26.9681,26.4420,25.9433,2.75
34.4513,30.6654,28.7752,27.0581,26.5217,26.0117,2.85
34.6489,30.8123,28.7453,27.0928,26.5279,26.0422,2.95
35.1240,30.9380,28.8060,27.1263,26.5914,26.0786,3.05
35.4508,31.0429,28.9454,27.2258,26.6541,26.1291,3.15
34.6716,31.0584,28.8986,27.2385,26.6456,26.1434,3.25
35.3616,31.1605,29.0001,27.2567,26.6777,26.1967,3.35
34.8567,31.1691,29.0721,27.3300,26.7557,26.2504,3.45
36.3557,31.1803,29.0285,27.3910,26.7635,26.2810,3.55
35.7358,31.3769,29.0738,27.3827,26.7790,26.2766,3.65
35.4650,31.4320,29.1441,27.4413,26.8115,26.2992,3.75
35.6386,31.4227,29.1977,27.5017,26.8581,26.3699,3.85
36.1006,31.5539,29.1987,27.5277,26.8784,26.3837,3.95
35.7695,31.5601,29.2154,27.5286,26.8803,26.3958,4.05
35.4408,31.5447,29.2923,27.5564,26.9340,26.4369,4.15
35.7288,31.7812,29.2889,27.6225,26.9623,26.4755,4.25
36.2409,31.6584,29.2976,27.6413,26.9719,26.5019,4.35
36.3257,31.6166,29.3629,27.6567,26.9684,26.4831,4.45
35.7336,31.7554,29.3828,27.6740,27.0412,26.5606,4.55
35.9892,31.8547,29.4533,27.7449,27.0314,26.5665,4.65
37.7770,31.9295,29.4346,27.7749,27.0519,26.5837,4.75
36.4626,31.8725,29.4080,27.7673,27.0915,26.6164,4.85
36.0013,31.9473,29.4309,27.7933,27.1089,26.6272,4.95
36.3660,31.8864,29.5318,27.8151,27.1408,26.6642,5.05
36.2375,31.9717,29.5682,27.8645,27.1563,26.6868,5.15
36.8439,32.0987,29.5453,27.8792,27.1786,26.7281,5.25
36.0458,31.9633,29.5739,27.9237,27.2092,26.7715,5.35
36.5193,32.0639,29.6200,27.9053,27.2062,26.7555,5.45
36.9098,32.1580,29.6729,27.9576,27.2748,26.8004,5.55
37.1952,32.3029,29.7508,27.9662,27.2962,26.8407,5.65
36.8578,32.2274,29.6757,27.9957,27.3058,26.8412,5.75
36.9379,32.1849,29.7493,28.0526,27.3311,26.8587,5.85
36.8087,32.1530,29.6745,28.0593,27.3562,26.8865,5.95
36.7731,32.2834,29.7070,28.0644,27.3661,26.8871,6.05
36.2331,32.4229,29.8278,28.0771,27.4142,26.9640,6.15
37.4222,32.5610,29.8250,28.1454,27.4291,26.9635,6.25
39.4616,32.5094,29.8153,28.1590,27.4532,26.9830,6.35
37.5327,32.5074,29.8116,28.2125,27.4747,27.0158,6.45
37.4973,32.4733,29.8493,28.2190,27.5191,27.0531,6.55
37.2552,32.5987,29.8560,28.2481,27.5362,27.0950,6.65
37.3527,32.6094,29.9094,28.2763,27.5808,27.1009,6.75
36.3576,32.8863,29.9369,28.2759,27.5951,27.1173,6.85
36.8137,32.7162,29.9843,28.3420,27.6138,27.1678,6.95
37.4486,32.6788,29.9961,28.3574,27.6474,27.1540,7.05
38.5958,32.8191,30.0180,28.3791,27.6792,27.1777,7.15
38.0307,32.8986,30.0068,28.4283,27.7083,27.2360,7.25
37.0270,32.7653,30.0868,28.4677,27.7399,27.2824,7.35
37.2176,32.7739,30.0084,28.4430,27.7616,27.2976,7.45
38.9812,32.9574,30.1322,28.4846,27.7886,27.3216,7.55
37.2842,32.9826,30.1000,28.4976,27.8136,27.3484,7.65
39.1945,32.9707,30.1426,28.5220,27.8368,27.3668,7.75
-9999.0000,32.9185,30.1828,28.5802,27.8468,27.3852,7.85
38.2025,32.9377,30.1578,28.6185,27.9027,27.4225,7.95
-9999.0000,33.0943,30.1922,28.6494,27.9371,27.4396,8.05
38.0670,33.0657,30.2343,28.6677,27.9948,27.4865,8.15
39.1596,33.3090,30.2769,28.6982,27.9881,27.5117,8.25
37.4501,33.2732,30.2647,28.6945,28.0130,27.5145,8.35
39.6078,33.3454,30.3555,28.7370,28.0243,27.5762,8.45
36.9020,33.4055,30.3506,28.8101,28.0765,27.5922,8.55
37.1024,33.2948,30.3819,28.8151,28.0825,27.6098,8.65
-9999.0000,33.3932,30.3573,28.8285,28.1445,27.6562,8.75
37.6386,33.3587,30.4035,28.8714,28.1702,27.6709,8.85
37.1993,33.3899,30.4397,28.8961,28.1948,27.7221,8.95
