u,g,r,i,z,y,time
19.7856,19.9591,20.3354,20.6810,21.0367,21.2067,0.05
18.8770,19.1321,19.6066,19.9618,20.3524,20.5163,0.15
18.4208,18.6945,19.1948,19.6035,19.8976,20.0966,0.25
18.1622,18.4311,18.8884,19.3280,19.6375,19.8707,0.35
18.0317,18.2353,18.6586,19.1139,19.4662,19.7069,0.45
17.9580,18.0739,18.4838,18.9229,19.2614,19.5916,0.55
17.9485,17.9980,18.3514,18.7971,19.2048,19.5439,0.65
17.9250,17.9086,18.2443,18.6589,19.0724,19.4574,0.75
17.9661,17.8563,18.1515,18.5505,18.9752,19.4098,0.85
18.0090,17.8216,18.0846,18.4530,18.9272,19.4145,0.95
18.0637,17.8064,18.0443,18.4072,18.8475,19.3755,1.05
18.1527,17.8021,17.9970,18.3521,18.8371,19.3947,1.15
18.2538,17.7914,17.9461,18.3169,18.8174,19.4075,1.25
18.4071,17.8180,17.9086,18.2719,18.7827,19.3943,1.35
18.5513,17.8631,17.8994,18.2709,18.7918,19.4139,1.45
18.7268,17.9224,17.8759,18.2521,18.7849,19.4051,1.55
18.9629,17.9900,17.8511,18.2283,18.7775,19.4142,1.65
19.1178,18.0749,17.8526,18.2535,18.7891,19.3874,1.75
19.4017,18.2035,17.8384,18.2401,18.7926,19.3981,1.85
19.5772,18.2870,17.8348,18.2728,18.8208,19.3459,1.95
19.9141,18.4613,17.8438,18.2651,18.8048,19.3086,2.05
20.0516,18.5569,17.8539,18.2906,18.8260,19.2446,2.15
20.4326,18.7311,17.8771,18.2785,18.7866,19.1673,2.25
20.5511,18.8571,17.8948,18.2994,18.7849,19.1496,2.35
20.8265,19.0007,17.9312,18.2611,18.7361,19.0134,2.45
21.0117,19.1372,18.0089,18.2884,18.7090,18.9419,2.55
21.1682,19.2160,18.0090,18.2597,18.6590,18.8392,2.65
21.3930,19.3689,18.0569,18.2107,18.6516,18.7256,2.75
21.5135,19.4844,18.1580,18.2142,18.6053,18.6577,2.85
21.6212,19.5663,18.1873,18.1684,18.5478,18.5568,2.95
21.9258,19.7261,18.2556,18.1590,18.5116,18.4455,3.05
21.8693,19.8550,18.3889,18.2088,18.5376,18.4341,3.15
22.0886,19.9202,18.4108,18.1795,18.4737,18.3731,3.25
22.3045,20.0462,18.4753,18.1463,18.4562,18.2819,3.35
22.3958,20.2147,18.5960,18.2099,18.4939,18.2819,3.45
22.5375,20.2317,18.6615,18.2544,18.4739,18.2642,3.55
22.6696,20.3456,18.7022,18.2384,18.4805,18.2525,3.65
22.8537,20.4647,18.7635,18.2552,18.5037,18.2401,3.75
22.9310,20.5228,18.8424,18.3309,18.5238,18.2721,3.85
23.0859,20.5509,18.8776,18.3549,18.5455,18.2742,3.95
23.1530,20.6421,18.9073,18.3730,18.5633,18.3049,4.05
23.3429,20.7180,18.9518,18.4329,18.6076,18.3512,4.15
23.3580,20.7867,19.0069,18.4852,18.6641,18.3713,4.25
23.4463,20.7807,19.0293,18.5109,18.6739,18.3900,4.35
23.5770,20.8367,19.0737,18.5534,18.7059,18.4296,4.45
23.6618,20.9233,19.1097,18.6064,18.7633,18.4695,4.55
23.6816,20.9625,19.1629,18.6692,18.8121,18.5233,4.65
23.7640,20.9878,19.1876,18.6951,18.8494,18.5539,4.75
23.8024,21.0255,19.2167,18.7347,18.8656,18.5767,4.85
24.0154,21.0883,19.2426,18.8034,18.9582,18.6045,4.95
24.0981,21.1307,19.2651,18.8509,19.0329,18.6898,5.05
23.9878,21.1657,19.2870,18.8956,19.0429,18.7216,5.15
24.0514,21.1860,19.3222,18.9368,19.1116,18.7607,5.25
24.1703,21.1874,19.3385,18.9725,19.1657,18.7711,5.35
24.2124,21.2338,19.3777,19.0516,19.2323,18.8282,5.45
24.3008,21.3230,19.4013,19.1322,19.3054,18.9150,5.55
24.4967,21.3104,19.4484,19.1990,19.3919,18.9290,5.65
24.3980,21.3255,19.4400,19.2263,19.3965,18.9861,5.75
24.3952,21.3675,19.4570,19.2436,19.4939,19.0164,5.85
24.4631,21.3783,19.4803,19.3114,19.5481,19.0585,5.95
24.5998,21.4076,19.5008,19.3675,19.6252,19.1178,6.05
24.5373,21.4574,19.5425,19.4678,19.6903,19.1816,6.15
24.8348,21.4327,19.5591,19.5186,19.7354,19.2446,6.25
24.7462,21.4512,19.5483,19.5499,19.7853,19.2528,6.35
24.7032,21.4368,19.5557,19.5663,19.8519,19.2781,6.45
24.8970,21.4859,19.5858,19.6298,19.9293,19.3456,6.55
24.8152,21.4614,19.5924,19.6695,20.0606,19.4205,6.65
24.8067,21.5453,19.6296,19.7644,20.0136,19.4552,6.75
24.8199,21.5815,19.6406,19.8371,20.1099,19.5339,6.85
24.8548,21.5419,19.6525,19.8322,20.1860,19.5605,6.95
24.8314,21.5849,19.6608,19.8910,20.2188,19.5919,7.05
24.9317,21.5650,19.6577,19.9249,20.2913,19.6273,7.15
25.0545,21.5692,19.6724,19.9403,20.3884,19.6975,7.25
24.9296,21.5818,19.6814,20.0330,20.4302,19.7595,7.35
25.0607,21.6276,19.6991,20.0980,20.5061,19.8499,7.45
24.9957,21.6837,19.6999,20.0984,20.5287,19.8792,7.55
25.2227,21.6778,19.7391,20.1790,20.5795,19.8880,7.65
25.1936,21.6457,19.7231,20.2019,20.5964,19.9749,7.75
25.1739,21.6480,19.7345,20.2100,20.6932,19.9689,7.85
25.0700,21.6521,19.7462,20.2274,20.7314,19.9999,7.95
25.2005,21.6712,19.7509,20.3246,20.7986,20.0795,8.05
25.1771,21.6914,19.7694,20.3751,20.8333,20.2255,8.15
25.2791,21.7276,19.7967,20.4339,20.8914,20.2512,8.25
25.3655,21.7392,19.7970,20.4528,20.8587,20.2798,8.35
25.1894,21.7307,19.8285,20.4993,20.9533,20.3211,8.45
25.3379,21.7583,19.8238,20.4911,20.9724,20.3256,8.55
25.5406,21.7368,19.8260,20.5415,21.0961,20.3311,8.65
25.3878,21.7662,19.8359,20.5678,21.1955,20.3998,8.75
25.4037,21.7737,19.8642,20.6716,21.2283,20.5058,8.85
25.4060,21.7999,19.8429,20.7132,21.2602,20.6014,8.95
