u,g,r,i,z,y,time
31.2262,29.8880,29.0354,28.7052,28.8107,28.7355,0.05
31.1754,29.5736,28.4162,27.8990,27.9174,27.9164,0.15
31.2132,29.4668,28.2153,27.5101,27.5130,27.5330,0.25
31.2513,29.3888,28.2287,27.2290,27.2359,27.2750,0.35
31.3491,29.4154,28.3634,27.1369,27.0319,27.1155,0.45
31.5007,29.5235,28.5761,27.0794,26.9163,27.0146,0.55
31.7234,29.6358,28.7028,27.1351,26.8366,26.9262,0.65
32.1072,29.8250,28.8703,27.2137,26.7934,26.8839,0.75
32.4449,29.9911,28.9965,27.3570,26.8125,26.9023,0.85
32.8445,30.2483,29.1422,27.5490,26.8793,26.9566,0.95
33.1861,30.5162,29.3282,27.7574,26.9683,27.0301,1.05
33.6441,30.7792,29.5692,28.0098,27.0595,27.1306,1.15
34.1585,31.1875,29.8041,28.2626,27.2095,27.2474,1.25
34.9793,31.5834,30.0880,28.4923,27.4103,27.4282,1.35
35.0995,31.7679,30.2987,28.6045,27.5261,27.4803,1.45
35.5859,32.1614,30.5239,28.7604,27.7129,27.5972,1.55
35.9803,32.5241,30.7841,28.9877,27.8969,27.7479,1.65
36.9961,32.7477,30.9063,29.0561,27.9735,27.7328,1.75
36.8534,33.0678,31.2824,29.3221,28.1329,27.8995,1.85
37.3568,33.2350,31.2539,29.3097,28.1192,27.9035,1.95
37.9424,33.6006,31.6758,29.5621,28.3562,28.0663,2.05
38.1802,33.7185,31.7189,29.5977,28.3402,28.0311,2.15
37.6774,34.1488,32.0483,29.8034,28.5559,28.1918,2.25
38.1029,34.3131,32.1445,29.8649,28.5684,28.2316,2.35
38.1890,34.4683,32.3393,30.0626,28.7078,28.2953,2.45
40.4441,34.7736,32.4758,30.2127,28.8625,28.4258,2.55
40.0493,34.8813,32.9144,30.2939,28.8633,28.4279,2.65
39.5745,35.3781,32.9210,30.5700,29.0360,28.6103,2.75
-9999.0000,35.4975,33.1934,30.5882,29.2031,28.6796,2.85
-9999.0000,35.7280,33.4703,30.7471,29.2351,28.7053,2.95
-9999.0000,36.1914,33.6198,31.0266,29.4381,28.8683,3.05
-9999.0000,36.1880,33.6402,30.9755,29.5145,28.9689,3.15
-9999.0000,37.1323,33.8371,31.1823,29.6063,28.9870,3.25
-9999.0000,36.8424,34.2264,31.3460,29.7262,29.1367,3.35
-9999.0000,37.6430,34.1905,31.4691,29.8614,29.2631,3.45
-9999.0000,36.6247,34.4715,31.5454,29.9362,29.2819,3.55
-9999.0000,37.6199,34.6004,31.6062,29.9283,29.3201,3.65
-9999.0000,37.2273,34.5846,31.8889,30.1579,29.4869,3.75
-9999.0000,38.3197,34.5493,31.8925,30.1788,29.5417,3.85
-9999.0000,38.9311,35.0908,32.1078,30.2383,29.5510,3.95
-9999.0000,37.7420,35.3193,32.1966,30.3226,29.6863,4.05
-9999.0000,-9999.0000,35.7134,32.2331,30.5317,29.7983,4.15
-9999.0000,38.4149,35.4453,32.1718,30.6337,29.7981,4.25
-9999.0000,38.8168,35.2770,32.4317,30.5610,29.8304,4.35
-9999.0000,37.7983,35.6085,32.4817,30.6544,29.8862,4.45
-9999.0000,-9999.0000,36.8902,32.6731,30.8523,30.0145,4.55
-9999.0000,42.4641,35.8400,32.7076,30.8161,30.1026,4.65
-9999.0000,39.5063,36.4333,32.6787,30.8444,30.0871,4.75
-9999.0000,38.4347,36.4243,32.7130,30.9018,30.1138,4.85
-9999.0000,-9999.0000,36.3043,33.1079,31.0366,30.1858,4.95
-9999.0000,38.1084,36.7955,33.2759,31.1444,30.2793,5.05
-9999.0000,37.9872,36.4387,33.2960,31.2190,30.3529,5.15
-9999.0000,-9999.0000,36.5927,33.0184,31.3662,30.3030,5.25
-9999.0000,-9999.0000,36.8023,33.2716,31.3216,30.3906,5.35
-9999.0000,-9999.0000,36.2260,33.1669,31.2881,30.4646,5.45
-9999.0000,42.4928,36.9761,33.3838,31.5053,30.5655,5.55
-9999.0000,-9999.0000,36.4203,33.5997,31.5314,30.5888,5.65
-9999.0000,38.1562,36.8242,33.4287,31.6528,30.6216,5.75
-9999.0000,-9999.0000,36.8990,33.7009,31.6047,30.6227,5.85
-9999.0000,39.9637,36.3807,33.4221,31.6335,30.5953,5.95
-9999.0000,-9999.0000,36.5289,34.0326,31.6731,30.7431,6.05
-9999.0000,-9999.0000,36.7164,33.6703,31.7606,30.8602,6.15
-9999.0000,40.9934,37.0360,33.9117,31.9102,30.9698,6.25
-9999.0000,-9999.0000,37.6524,33.9121,31.9985,30.9122,6.35
-9999.0000,40.0192,36.7293,33.8079,31.8178,30.8960,6.45
-9999.0000,-9999.0000,36.2260,33.8339,32.0414,30.9557,6.55
-9999.0000,-9999.0000,37.0118,33.9647,32.1158,30.9878,6.65
-9999.0000,39.0762,36.5710,33.8113,32.0785,30.9741,6.75
-9999.0000,-9999.0000,37.0119,33.8359,32.1643,31.0461,6.85
-9999.0000,-9999.0000,37.6796,33.8606,32.2847,31.1853,6.95
-9999.0000,39.0711,36.5937,34.2280,32.1881,31.0624,7.05
-9999.0000,-9999.0000,36.8621,33.9848,32.1781,31.2080,7.15
-9999.0000,-9999.0000,37.7930,34.1695,32.0713,31.1014,7.25
-9999.0000,-9999.0000,36.3298,33.9385,32.2265,31.1852,7.35
-9999.0000,-9999.0000,37.4098,34.0221,32.1547,31.0704,7.45
-9999.0000,-9999.0000,38.3290,34.0697,32.1048,31.1490,7.55
-9999.0000,-9999.0000,36.4258,33.9111,32.2362,31.1530,7.65
-9999.0000,-9999.0000,36.4672,34.0840,32.2315,31.1674,7.75
-9999.0000,-9999.0000,36.3961,33.9392,32.1782,31.0740,7.85
-9999.0000,-9999.0000,36.4801,34.0851,32.1508,31.1495,7.95
-9999.0000,-9999.0000,36.7975,34.0654,32.1235,31.1354,8.05
-9999.0000,-9999.0000,37.1895,34.0496,32.0296,31.1638,8.15
-9999.0000,-9999.0000,37.0339,33.9834,32.1267,31.1884,8.25
-9999.0000,40.2253,36.5045,33.8669,32.1014,31.1214,8.35
-9999.0000,39.7069,36.4040,33.9422,32.0806,31.1447,8.45
-9999.0000,-9999.0000,37.1407,33.9745,32.2211,31.2478,8.55
-9999.0000,-9999.0000,36.0179,34.0694,32.2095,31.1231,8.65
-9999.0000,-9999.0000,36.8140,34.0793,32.2625,31.1821,8.75
-9999.0000,-9999.0000,37.7750,33.8676,32.1017,31.1969,8.85
-9999.0000,38.4178,36.5841,33.6291,32.1790,31.1682,8.95
