u,g,r,i,z,y,time
24.6294,23.9103,24.0130,24.3611,24.6273,24.9915,0.05
24.4553,23.3588,23.3775,23.8017,24.1238,24.4755,0.15
24.8607,23.2337,23.0307,23.4598,23.8243,24.1622,0.25
25.3154,23.3082,22.8151,23.2046,23.5710,23.9528,0.35
25.7166,23.4953,22.6773,23.0291,23.3889,23.7806,0.45
25.9961,23.7894,22.6007,22.9010,23.2752,23.6771,0.55
26.3141,24.1479,22.5773,22.8419,23.2001,23.5945,0.65
26.6388,24.5092,22.6111,22.8065,23.1760,23.5588,0.75
26.9116,24.7781,22.7097,22.7953,23.1727,23.5552,0.85
27.1503,24.9685,22.8265,22.7793,23.2020,23.5468,0.95
27.4225,25.1012,22.9651,22.7668,23.1912,23.5528,1.05
27.6006,25.2046,23.1077,22.7483,23.1897,23.4899,1.15
27.8367,25.2993,23.2437,22.7380,23.1360,23.4419,1.25
28.0790,25.4045,23.3671,22.7348,23.0687,23.3643,1.35
28.1630,25.4849,23.4739,22.7471,23.0237,23.2639,1.45
28.3118,25.5624,23.5760,22.7731,22.9650,23.2013,1.55
28.4952,25.6634,23.6819,22.8084,22.9624,23.1337,1.65
28.5829,25.7295,23.7467,22.8447,22.9087,23.0694,1.75
28.6366,25.7962,23.8333,22.8900,22.9063,23.0834,1.85
28.6623,25.8876,23.8918,22.9492,22.8987,23.0659,1.95
28.9042,25.9235,23.9626,22.9869,22.9037,23.0684,2.05
29.0383,25.9925,24.0102,23.0430,22.9108,23.0927,2.15
28.9917,26.0332,24.0786,23.0911,22.9464,23.1250,2.25
29.0338,26.0516,24.1053,23.1500,22.9862,23.1586,2.35
29.2208,26.1350,24.1562,23.1979,23.0210,23.2058,2.45
29.0364,26.1598,24.2206,23.2562,23.0633,23.2521,2.55
29.2161,26.1949,24.2495,23.3059,23.1198,23.2983,2.65
29.2444,26.2574,24.2841,23.3444,23.1782,23.3680,2.75
29.3423,26.2656,24.3045,23.3876,23.2222,23.4138,2.85
29.4517,26.2985,24.3530,23.4231,23.2906,23.4778,2.95
29.5273,26.3244,24.3890,23.4685,23.3586,23.5735,3.05
29.3582,26.3445,24.4062,23.5132,23.4064,23.6234,3.15
29.4292,26.3836,24.4386,23.5604,23.4689,23.7066,3.25
29.5495,26.4095,24.4539,23.5925,23.5401,23.7822,3.35
29.4501,26.4250,24.4800,23.6339,23.5929,23.8892,3.45
29.6734,26.4660,24.5150,23.6749,23.6615,23.9747,3.55
29.5354,26.5135,24.5563,23.7162,23.7309,24.0426,3.65
29.5709,26.5406,24.5778,23.7353,23.7615,24.1743,3.75
29.5060,26.5939,24.6225,23.7823,23.8344,24.2425,3.85
29.7625,26.5741,24.6310,23.8057,23.8848,24.3501,3.95
29.6225,26.6450,24.6480,23.8458,23.9521,24.4491,4.05
29.6181,26.6585,24.6929,23.8701,24.0023,24.5374,4.15
29.6386,26.6535,24.7052,23.9066,24.0493,24.6682,4.25
29.6677,26.7252,24.7364,23.9448,24.0837,24.7238,4.35
29.8195,26.7086,24.7701,23.9837,24.1419,24.7999,4.45
29.6929,26.7360,24.7901,23.9888,24.1868,24.8635,4.55
29.6881,26.7685,24.8248,24.0171,24.2273,24.9897,4.65
29.9664,26.7883,24.8480,24.0541,24.2716,25.0536,4.75
29.8074,26.8242,24.8697,24.0795,24.3062,25.1407,4.85
29.7503,26.8461,24.9039,24.0964,24.3770,25.1663,4.95
29.9735,26.8634,24.9107,24.1085,24.3826,25.2661,5.05
30.0508,26.8815,24.9239,24.1465,24.4321,25.2827,5.15
29.8846,26.9252,24.9771,24.1645,24.4770,25.3456,5.25
29.9213,26.9381,24.9807,24.2136,24.5005,25.4434,5.35
29.9117,26.9520,25.0140,24.2219,24.5252,25.4555,5.45
30.0825,26.9889,25.0359,24.2336,24.5670,25.5036,5.55
30.0606,27.0332,25.0521,24.2526,24.5989,25.6234,5.65
30.0664,27.0481,25.0809,24.3005,24.6221,25.6566,5.75
30.0276,27.0754,25.1232,24.3208,24.6650,25.7350,5.85
30.0242,27.0825,25.1309,24.3448,24.6764,25.7608,5.95
29.9500,27.1179,25.1486,24.3792,24.6961,25.7819,6.05
30.1278,27.1466,25.1982,24.4060,24.7336,25.8294,6.15
29.9981,27.1429,25.2188,24.4468,24.7657,25.8295,6.25
30.0954,27.1871,25.2370,24.4577,24.8108,25.9074,6.35
30.2036,27.2350,25.2726,24.4834,24.8317,25.9528,6.45
30.1449,27.2443,25.2851,24.4865,24.8653,26.0198,6.55
30.0262,27.2617,25.3050,24.5302,24.8740,26.0547,6.65
30.2144,27.2994,25.3300,24.5531,24.9200,26.0771,6.75
30.3180,27.3106,25.3569,24.5901,24.9319,26.0887,6.85
30.2029,27.3086,25.3773,24.6063,24.9681,26.1799,6.95
30.4437,27.3697,25.4166,24.6230,24.9727,26.2124,7.05
30.4326,27.3360,25.4302,24.6497,25.0003,26.2545,7.15
30.3406,27.3328,25.4541,24.6777,25.0709,26.3183,7.25
30.3072,27.3974,25.4784,24.6944,25.0820,26.2935,7.35
30.3664,27.4381,25.5076,24.7361,25.0854,26.3681,7.45
30.6042,27.4570,25.5271,24.7624,25.1224,26.3765,7.55
30.4473,27.5040,25.5326,24.7938,25.1836,26.4082,7.65
30.3448,27.4827,25.5705,24.8271,25.1980,26.5073,7.75
30.4570,27.5160,25.5932,24.8160,25.2011,26.5106,7.85
30.4116,27.5420,25.6363,24.8633,25.2387,26.5780,7.95
30.4022,27.5543,25.6440,24.8947,25.2810,26.5469,8.05
30.5242,27.5696,25.6635,24.8971,25.3030,26.5722,8.15
30.5174,27.5777,25.6990,24.9205,25.3077,26.6286,8.25
30.4698,27.6062,25.7095,24.9470,25.3398,26.6633,8.35
30.5779,27.6314,25.7166,24.9521,25.3964,26.7337,8.45
30.4783,27.6378,25.7520,24.9929,25.4078,26.7634,8.55
30.4861,27.6603,25.7683,25.0382,25.4188,26.8231,8.65
30.5929,27.6853,25.7909,25.0480,25.4586,26.8223,8.75
30.7458,27.6662,25.8343,25.0792,25.4734,26.8303,8.85
30.6341,27.6981,25.8495,25.1029,25.5235,26.9105,8.95
