u,g,r,i,z,y,time
27.7250,26.0754,24.5460,23.8405,23.9334,23.8707,0.05
28.4034,26.4058,24.6040,23.6264,23.4209,23.5231,0.15
28.9851,26.6880,24.7031,23.6064,23.1939,23.3037,0.25
29.1278,26.8918,24.7495,23.6784,23.0780,23.0866,0.35
29.7157,27.1720,24.8638,23.7480,23.0344,22.9487,0.45
29.6053,27.2991,25.0105,23.7987,23.0359,22.8935,0.55
30.3119,27.4943,25.1518,23.8760,23.0870,22.8879,0.65
30.3526,27.6751,25.2926,23.9323,23.1572,22.8832,0.75
30.7180,27.8005,25.4425,24.0215,23.2172,22.8726,0.85
30.7602,27.9599,25.6024,24.0889,23.2757,22.8839,0.95
30.7358,28.0587,25.7855,24.1901,23.3725,22.8948,1.05
30.8992,28.2194,25.8699,24.2675,23.4460,22.9108,1.15
31.3592,28.3131,26.0165,24.3588,23.5279,22.9566,1.25
31.6796,28.4761,26.1007,24.4443,23.6035,22.9841,1.35
32.2494,28.5976,26.2802,24.5336,23.6918,23.0448,1.45
31.1556,28.6344,26.3571,24.6053,23.7739,23.1125,1.55
31.3849,28.9090,26.4459,24.7057,23.8391,23.1634,1.65
31.1970,28.9963,26.5861,24.7940,23.9447,23.2306,1.75
31.4749,29.0993,26.6908,24.8827,24.0127,23.3194,1.85
31.7797,29.0996,26.8062,24.9787,24.0844,23.3999,1.95
32.0704,29.2239,26.8769,25.0471,24.1496,23.4715,2.05
32.3237,29.2754,26.9757,25.1538,24.2210,23.5430,2.15
32.2807,29.3588,27.0560,25.2734,24.2959,23.6238,2.25
32.4641,29.5499,27.1604,25.3735,24.3830,23.7183,2.35
31.7652,29.6421,27.1813,25.4628,24.4744,23.8073,2.45
32.0116,29.4352,27.2631,25.5455,24.5547,23.8868,2.55
31.8289,29.7355,27.3600,25.6561,24.6152,23.9699,2.65
32.3555,29.6048,27.4254,25.7515,24.6846,24.0618,2.75
32.6598,29.6802,27.4392,25.8280,24.7424,24.1384,2.85
32.7864,29.7011,27.4133,25.9294,24.8317,24.2228,2.95
32.7312,29.8396,27.4761,26.0307,24.9753,24.3094,3.05
32.6361,29.8668,27.5492,26.1274,25.0184,24.3691,3.15
32.8254,30.0294,27.5709,26.1504,25.0924,24.4409,3.25
32.5549,29.8639,27.6652,26.3038,25.1976,24.5207,3.35
32.8506,29.9187,27.6360,26.3031,25.2660,24.6181,3.45
32.9773,30.0777,27.6579,26.3688,25.3497,24.6823,3.55
32.8340,30.0597,27.6900,26.4156,25.4431,24.7697,3.65
32.5181,30.3362,27.7726,26.4975,25.5349,24.8567,3.75
32.6702,30.1946,27.7056,26.5733,25.6237,24.9453,3.85
32.9894,30.1495,27.8375,26.5856,25.7002,25.0499,3.95
33.0497,30.0089,27.8573,26.6011,25.7545,25.0774,4.05
33.3694,30.1520,27.9111,26.6794,25.8682,25.1776,4.15
32.7090,30.0895,27.8676,26.7659,25.9687,25.2621,4.25
34.2931,30.3829,27.9024,26.7930,26.0179,25.3300,4.35
33.5282,30.3531,27.9392,26.7484,26.0984,25.4717,4.45
33.2491,30.2505,28.0141,26.7962,26.2005,25.5047,4.55
33.1945,30.1655,28.0441,26.8447,26.2438,25.5632,4.65
34.0115,30.4103,28.1435,26.8827,26.2793,25.6744,4.75
33.5768,30.5118,28.1726,26.9273,26.3603,25.7620,4.85
33.7434,30.3174,28.0987,26.9162,26.4344,25.8620,4.95
33.3577,30.4635,28.2682,26.9665,26.4219,25.8929,5.05
34.0032,30.4154,28.3617,26.9673,26.5022,25.9727,5.15
33.9963,30.4253,28.2755,27.0303,26.6068,26.0327,5.25
33.7884,30.4295,28.3101,27.0722,26.6140,26.1492,5.35
36.4091,30.6377,28.3924,27.0719,26.6019,26.2230,5.45
33.6236,30.4826,28.4385,27.1230,26.6417,26.2462,5.55
34.0321,30.6180,28.4949,27.1670,26.6378,26.3149,5.65
33.3480,30.5617,28.5421,27.1606,26.7046,26.4032,5.75
33.8967,30.7203,28.4859,27.2461,26.7074,26.4696,5.85
34.0168,30.5778,28.5120,27.3167,26.7812,26.4807,5.95
34.0101,30.6376,28.5541,27.2338,26.8569,26.5603,6.05
33.5624,30.6092,28.6447,27.2769,26.8263,26.5753,6.15
34.2351,30.9772,28.7259,27.3170,26.8662,26.5932,6.25
34.5573,30.8529,28.7593,27.4277,26.8973,26.6431,6.35
34.1981,30.7343,28.8004,27.4546,26.9182,26.6912,6.45
34.1961,30.9260,28.8971,27.4343,26.9059,26.6967,6.55
34.1611,30.8523,28.8412,27.5202,26.9758,26.7661,6.65
34.7154,30.8377,28.8861,27.5872,27.0457,26.7822,6.75
34.5846,30.8188,29.0345,27.5922,27.0081,26.8578,6.85
33.7783,31.0012,29.0084,27.6301,26.9956,26.8234,6.95
34.2401,30.8421,29.0007,27.5698,27.1087,26.8399,7.05
34.4602,30.9221,29.0678,27.7022,27.0486,26.8573,7.15
33.9866,30.6951,29.0575,27.7683,27.1303,26.8907,7.25
33.7167,30.8004,29.0715,27.7945,27.1611,26.9224,7.35
33.7017,30.9592,29.1555,27.9289,27.2942,26.9750,7.45
33.9212,30.9795,29.2855,27.9030,27.3114,27.0157,7.55
33.8602,31.0101,29.3567,27.9170,27.2481,27.0203,7.65
33.9258,30.8901,29.2663,28.0715,27.3207,27.1100,7.75
33.5872,31.1022,29.3650,28.0577,27.3860,27.1034,7.85
34.3286,30.8545,29.3902,28.0797,27.4423,27.1412,7.95
34.5354,31.1836,29.4770,28.1284,27.4200,27.2105,8.05
34.0531,31.1694,29.4583,28.1713,27.4422,27.2048,8.15
34.4588,31.1871,29.5215,28.2111,27.4875,27.3643,8.25
34.2307,31.1657,29.5726,28.2604,27.6102,27.2622,8.35
35.2217,31.1841,29.5840,28.2801,27.5671,27.3122,8.45
34.5589,31.4188,29.6292,28.3659,27.6504,27.4090,8.55
34.7104,31.1350,29.7363,28.3517,27.6496,27.3200,8.65
34.4119,31.4297,29.7223,28.4427,27.7139,27.4264,8.75
34.4067,31.2976,29.6984,28.4992,27.7350,27.4643,8.85
34.4936,31.3360,29.8580,28.4647,27.8177,27.4958,8.95
