u,g,r,i,z,y,time
28.5992,26.4270,25.3289,25.5354,25.8159,26.0690,0.05
28.6129,26.4301,24.9435,25.1344,25.3958,25.6576,0.15
29.0413,27.0858,25.0012,25.0202,25.2769,25.4882,0.25
29.5447,27.5847,25.3078,24.9874,25.2447,25.3671,0.35
30.0022,28.0205,25.6609,25.0293,25.2167,25.2586,0.45
30.4473,28.3652,26.0194,25.1831,25.2048,25.2271,0.55
30.8454,28.6921,26.3379,25.4457,25.2795,25.2541,0.65
31.3206,28.9773,26.6511,25.7501,25.4644,25.3074,0.75
31.6893,29.2504,26.9211,26.0139,25.6918,25.3882,0.85
31.9672,29.4878,27.1761,26.2366,25.8709,25.4726,0.95
32.2621,29.6988,27.3944,26.3975,26.0407,25.5966,1.05
32.5368,29.9260,27.5588,26.5424,26.1547,25.7227,1.15
32.6709,30.0306,27.7329,26.6759,26.2549,25.8303,1.25
32.8472,30.1614,27.8797,26.7867,26.3662,25.9334,1.35
33.0558,30.2884,27.9908,26.9035,26.4426,26.0228,1.45
33.2546,30.4022,28.0989,26.9989,26.5103,26.1145,1.55
33.2983,30.4634,28.1868,27.0865,26.6078,26.2037,1.65
33.6396,30.6100,28.2809,27.1719,26.6793,26.2798,1.75
33.5589,30.5992,28.3669,27.2506,26.7260,26.3736,1.85
33.7161,30.7114,28.4425,27.3257,26.7985,26.4416,1.95
33.8865,30.8016,28.5308,27.3975,26.8750,26.5327,2.05
34.1481,30.9104,28.5518,27.4572,26.9432,26.5819,2.15
34.1792,30.9718,28.6515,27.5272,26.9777,26.6590,2.25
34.3959,30.9769,28.6929,27.5828,27.0515,26.7340,2.35
34.4146,31.0533,28.7416,27.6538,27.1248,26.8113,2.45
34.6604,31.1585,28.8233,27.7125,27.1746,26.8497,2.55
34.7492,31.1807,28.8631,27.7677,27.2152,26.9129,2.65
34.6963,31.2542,28.9144,27.8276,27.2833,26.9943,2.75
35.2619,31.2889,28.9356,27.8855,27.3220,27.0604,2.85
35.1612,31.3870,29.0245,27.9204,27.4060,27.1159,2.95
35.0392,31.3693,29.0187,27.9938,27.4456,27.1823,3.05
35.2859,31.5042,29.0816,28.0253,27.4972,27.2315,3.15
35.2176,31.5538,29.1652,28.0840,27.5481,27.3213,3.25
35.5443,31.5524,29.1874,28.1528,27.6041,27.3379,3.35
35.5398,31.6572,29.2174,28.1863,27.6601,27.3911,3.45
35.3992,31.7047,29.2426,28.2116,27.7183,27.4562,3.55
35.3519,31.7748,29.3114,28.2894,27.7492,27.5080,3.65
36.0355,31.8684,29.3116,28.3316,27.8156,27.5539,3.75
36.0674,31.8904,29.3551,28.3500,27.8703,27.6168,3.85
36.3549,31.9430,29.4048,28.4065,27.9081,27.6654,3.95
36.0028,32.0681,29.4587,28.4699,27.9873,27.7338,4.05
35.9344,32.1072,29.5211,28.4987,28.0373,27.7779,4.15
36.4070,32.0988,29.4987,28.5496,28.0528,27.8214,4.25
36.6041,32.1549,29.5610,28.5817,28.1054,27.8757,4.35
36.2269,32.2507,29.6027,28.6562,28.1816,27.9281,4.45
36.7237,32.2825,29.6620,28.6809,28.1997,27.9969,4.55
36.6292,32.3596,29.6703,28.7381,28.2322,28.0324,4.65
36.7511,32.4091,29.7397,28.7583,28.3196,28.0797,4.75
37.3078,32.4376,29.8075,28.8031,28.3445,28.1344,4.85
36.5997,32.4876,29.7993,28.8530,28.4164,28.1837,4.95
36.9666,32.6314,29.8574,28.8964,28.4201,28.2395,5.05
37.1023,32.6235,29.8935,28.9380,28.4985,28.3051,5.15
36.8841,32.6422,29.9265,28.9687,28.5410,28.3628,5.25
37.3935,32.7587,29.9643,28.9742,28.5888,28.3692,5.35
37.8782,32.9278,30.0125,29.0252,28.6330,28.4549,5.45
37.8106,32.8395,30.0337,29.0688,28.6492,28.4737,5.55
38.5628,32.9273,30.0731,29.0956,28.7263,28.5301,5.65
38.2907,32.9453,30.1083,29.1335,28.7717,28.5636,5.75
38.7394,33.0341,30.1626,29.1941,28.7772,28.6289,5.85
37.4036,33.0259,30.1675,29.2369,28.8601,28.6803,5.95
38.4046,33.1375,30.2218,29.2393,28.8930,28.7254,6.05
38.0706,33.2488,30.2330,29.2999,28.9330,28.7574,6.15
38.9118,33.3324,30.3117,29.3433,28.9881,28.8291,6.25
37.8599,33.3200,30.3411,29.3737,29.0195,28.8625,6.35
38.4606,33.3494,30.3479,29.4182,29.0517,28.9384,6.45
40.3059,33.4754,30.3988,29.4376,29.1010,28.9535,6.55
38.4943,33.5763,30.4402,29.5069,29.1768,29.0102,6.65
38.3772,33.6312,30.5005,29.5391,29.1837,29.0609,6.75
38.9474,33.6885,30.5483,29.5496,29.2359,29.0881,6.85
39.8083,33.8640,30.5569,29.6221,29.2834,29.1356,6.95
38.6629,33.8033,30.6042,29.6176,29.3132,29.1430,7.05
38.4797,33.8294,30.6645,29.6683,29.3355,29.2141,7.15
39.5415,33.8886,30.7128,29.7154,29.4064,29.2576,7.25
38.4813,33.9503,30.7512,29.7530,29.4286,29.3251,7.35
37.9819,34.0261,30.7743,29.7667,29.4831,29.3590,7.45
39.8768,34.0818,30.8229,29.8289,29.5115,29.3997,7.55
40.0365,34.3193,30.8629,29.8443,29.5655,29.4521,7.65
39.8089,34.2439,30.9307,29.8774,29.6020,29.4802,7.75
-9999.0000,34.3490,30.9596,29.9351,29.6495,29.5199,7.85
-9999.0000,34.3738,30.9848,29.9640,29.7106,29.5509,7.95
39.0279,34.4766,31.0323,29.9955,29.7206,29.6168,8.05
39.0882,34.4943,31.0743,30.0316,29.7547,29.6719,8.15
-9999.0000,34.6924,31.1058,30.0529,29.8140,29.6590,8.25
39.6262,34.5339,31.1626,30.0983,29.8175,29.7097,8.35
39.8710,34.7441,31.1961,30.1387,29.8601,29.7634,8.45
-9999.0000,34.8562,31.2254,30.2155,29.9453,29.8617,8.55
-9999.0000,34.8165,31.2595,30.2029,29.9873,29.8579,8.65
-9999.0000,34.9703,31.3337,30.2519,30.0151,29.9208,8.75
40.0365,35.0378,31.3725,30.2723,30.0532,29.9415,8.85
-9999.0000,35.0612,31.4612,30.3319,30.0935,30.0103,8.95
