u,g,r,i,z,y,time
30.9283,28.8671,26.4703,26.2421,26.3957,26.5743,0.05
31.1428,29.2146,26.6022,25.9788,26.0908,26.2154,0.15
31.6253,29.6136,27.1704,26.0363,25.9888,26.1407,0.25
32.1708,29.9594,27.6596,26.3072,26.0113,26.1017,0.35
32.4920,30.2329,28.0013,26.6281,26.1806,26.0980,0.45
32.7644,30.4586,28.3088,26.9491,26.4654,26.2131,0.55
33.1699,30.6996,28.5952,27.2403,26.7564,26.4160,0.65
33.4105,30.9414,28.8649,27.4925,26.9950,26.6510,0.75
33.6018,31.1502,29.1012,27.6907,27.1681,26.8458,0.85
34.0388,31.3218,29.2973,27.8869,27.3257,26.9721,0.95
34.2520,31.4471,29.4521,28.0162,27.4462,27.1134,1.05
34.4767,31.6556,29.6008,28.1642,27.5669,27.2266,1.15
34.6444,31.7298,29.7443,28.2948,27.6761,27.3268,1.25
34.9258,31.9190,29.8608,28.4297,27.7823,27.4255,1.35
35.1585,31.9919,29.9325,28.5554,27.8959,27.5071,1.45
35.4378,32.1155,30.0516,28.6455,27.9869,27.5890,1.55
35.9916,32.2039,30.1285,28.7574,28.0725,27.6947,1.65
35.8890,32.3576,30.2023,28.8448,28.1749,27.7661,1.75
35.9092,32.4799,30.2420,28.9267,28.2478,27.8439,1.85
36.3065,32.5973,30.3696,29.0273,28.3218,27.9225,1.95
36.4794,32.7262,30.4027,29.0918,28.4300,28.0182,2.05
37.1194,32.7961,30.4738,29.1692,28.4933,28.0849,2.15
36.8032,32.9435,30.5210,29.2505,28.5677,28.1467,2.25
36.9456,33.0168,30.5836,29.3210,28.6290,28.2194,2.35
37.2214,33.0762,30.6511,29.3924,28.7086,28.2864,2.45
37.0242,33.2918,30.7039,29.4626,28.7734,28.3739,2.55
37.5782,33.3223,30.7583,29.4944,28.8482,28.4152,2.65
37.6088,33.3859,30.7930,29.5569,28.9275,28.5105,2.75
37.6570,33.4367,30.9020,29.6149,28.9699,28.5643,2.85
38.4090,33.5526,30.9642,29.6747,29.0185,28.5922,2.95
38.1782,33.7241,30.9768,29.7379,29.0897,28.6804,3.05
38.2338,33.7956,31.0379,29.7717,29.1615,28.7284,3.15
39.0266,33.9164,31.1073,29.8192,29.1798,28.7841,3.25
39.2291,33.9828,31.1339,29.8707,29.2352,28.8402,3.35
38.5785,34.1235,31.1704,29.9184,29.3071,28.9133,3.45
39.7015,34.2450,31.2781,29.9327,29.3391,28.9545,3.55
39.1621,34.3032,31.3397,30.0319,29.4076,29.0324,3.65
39.8377,34.3872,31.4125,30.0507,29.4458,29.0635,3.75
40.3775,34.5061,31.4626,30.0808,29.5114,29.1185,3.85
40.7816,34.5901,31.5058,30.1515,29.5717,29.1930,3.95
40.1610,34.6948,31.5437,30.2050,29.6116,29.2444,4.05
39.3816,34.6999,31.6199,30.2457,29.6539,29.2585,4.15
39.2588,34.8176,31.6372,30.2870,29.6942,29.3465,4.25
40.9104,35.0547,31.7336,30.3512,29.7512,29.3746,4.35
40.2819,35.0424,31.7783,30.3969,29.7981,29.4149,4.45
40.1249,35.1977,31.8353,30.4112,29.7976,29.4721,4.55
-9999.0000,35.1881,31.9257,30.4939,29.8817,29.5182,4.65
40.7965,35.2007,31.9707,30.5127,29.9125,29.5818,4.75
40.9154,35.4094,32.0265,30.5883,29.9636,29.6129,4.85
44.0007,35.4532,32.1047,30.6007,30.0272,29.6380,4.95
40.9506,35.6544,32.1068,30.6540,30.0688,29.7072,5.05
42.1376,35.6976,32.1785,30.7001,30.0950,29.7486,5.15
43.1255,35.6893,32.2783,30.7539,30.1479,29.7946,5.25
39.7782,35.7733,32.3162,30.7857,30.1789,29.8444,5.35
40.0939,36.0561,32.4034,30.8751,30.2328,29.9156,5.45
-9999.0000,36.0137,32.4491,30.9071,30.2630,29.9054,5.55
-9999.0000,35.9904,32.4769,30.9465,30.3270,29.9801,5.65
42.2323,36.3924,32.5828,30.9861,30.3536,29.9856,5.75
40.9120,36.4514,32.6394,31.0603,30.3814,30.0330,5.85
-9999.0000,36.5855,32.7611,31.0980,30.4356,30.0999,5.95
-9999.0000,36.6951,32.7601,31.1224,30.4737,30.1223,6.05
42.9316,36.7655,32.8179,31.2115,30.5380,30.1868,6.15
-9999.0000,36.7346,32.8712,31.2244,30.5683,30.2372,6.25
-9999.0000,36.9901,33.0160,31.2567,30.5810,30.2115,6.35
44.3786,36.9227,33.0074,31.3416,30.6316,30.2982,6.45
-9999.0000,37.3886,33.0193,31.3577,30.6717,30.3428,6.55
-9999.0000,37.1916,33.1644,31.4140,30.7360,30.4124,6.65
-9999.0000,37.3612,33.2550,31.4223,30.7775,30.4221,6.75
-9999.0000,37.3265,33.3793,31.5169,30.8521,30.4432,6.85
-9999.0000,37.2552,33.3037,31.5415,30.8465,30.5126,6.95
-9999.0000,37.7952,33.4680,31.6269,30.9020,30.5578,7.05
-9999.0000,37.5461,33.4335,31.6127,30.9436,30.5890,7.15
-9999.0000,37.8052,33.5994,31.7296,30.9755,30.6114,7.25
-9999.0000,37.7944,33.6064,31.8051,31.0463,30.6744,7.35
-9999.0000,37.7519,33.7000,31.7519,31.0611,30.6909,7.45
-9999.0000,38.5005,33.7751,31.8636,31.0649,30.7636,7.55
-9999.0000,38.0823,33.8398,31.9147,31.1715,30.7910,7.65
-9999.0000,38.5856,33.9110,31.9497,31.1735,30.8489,7.75
-9999.0000,38.0828,33.9311,31.9848,31.2119,30.8650,7.85
-9999.0000,38.7588,34.0006,32.1131,31.2983,30.9171,7.95
-9999.0000,39.4330,34.1786,32.1140,31.3202,30.9467,8.05
42.9432,38.7068,34.2082,32.1219,31.3621,31.0163,8.15
-9999.0000,39.0195,34.3337,32.1879,31.3837,30.9920,8.25
-9999.0000,39.0601,34.3523,32.2746,31.4631,31.0797,8.35
-9999.0000,39.5963,34.4045,32.2986,31.5207,31.1337,8.45
-9999.0000,39.4742,34.6057,32.3732,31.5062,31.1669,8.55
-9999.0000,39.9939,34.6039,32.4576,31.6014,31.2478,8.65
-9999.0000,39.7977,34.7359,32.5029,31.6534,31.2370,8.75
-9999.0000,39.8448,34.6993,32.6350,31.6430,31.3039,8.85
-9999.0000,41.2900,34.9930,32.6527,31.7116,31.3763,8.95
