u,g,r,i,z,y,time
29.3813,28.8740,28.7324,28.7936,28.6270,28.8574,0.05
28.8475,28.1046,27.8858,27.8598,27.8367,27.9725,0.15
28.6600,27.7354,27.4074,27.3210,27.3602,27.4748,0.25
28.6891,27.5380,27.0985,26.9924,26.9907,27.1453,0.35
28.7199,27.4132,26.9231,26.8037,26.7375,26.8922,0.45
28.7068,27.3354,26.7587,26.6396,26.5869,26.6804,0.55
28.9865,27.3995,26.7165,26.5107,26.4742,26.5372,0.65
29.0358,27.3887,26.6119,26.4248,26.3552,26.4133,0.75
29.2212,27.4330,26.5547,26.3348,26.2475,26.3155,0.85
29.4511,27.5338,26.5123,26.2595,26.1638,26.2279,0.95
29.7318,27.6555,26.5237,26.1960,26.0883,26.1483,1.05
29.9004,27.7663,26.5258,26.1473,26.0251,26.0735,1.15
30.0583,27.8526,26.5459,26.0600,25.9457,26.0110,1.25
30.1972,27.9317,26.5773,26.0399,25.9387,26.0250,1.35
30.4397,28.2129,26.7264,26.0540,25.9154,25.9862,1.45
30.5172,28.2673,26.7349,25.9946,25.8367,25.9017,1.55
30.5636,28.3180,26.7852,26.0137,25.8640,25.9397,1.65
30.9247,28.6291,26.9910,26.0479,25.8322,25.9040,1.75
30.8487,28.5420,26.9311,25.9893,25.7870,25.8682,1.85
31.3024,28.8574,27.2066,26.1119,25.8410,25.8904,1.95
31.1172,28.7630,27.0904,26.0382,25.7445,25.8366,2.05
31.6367,29.0753,27.3587,26.1794,25.8103,25.8933,2.15
31.5180,28.9183,27.2819,26.1135,25.7764,25.8441,2.25
31.6914,29.2657,27.5515,26.2518,25.7864,25.8633,2.35
31.5614,29.1701,27.4934,26.2905,25.8237,25.8939,2.45
31.7632,29.2980,27.5946,26.3015,25.7515,25.8052,2.55
31.9754,29.3971,27.7627,26.5435,25.8951,25.9310,2.65
31.7066,29.3064,27.6320,26.4395,25.8157,25.8468,2.75
32.0566,29.5312,27.9114,26.7005,25.8441,25.8425,2.85
32.1123,29.5288,27.9244,26.7905,25.9484,25.9474,2.95
31.9976,29.4394,27.8521,26.7572,25.8888,25.8596,3.05
32.3325,29.7187,28.1594,27.1140,25.9590,25.8879,3.15
32.3384,29.6595,28.1594,27.1562,26.0527,25.9770,3.25
32.4349,29.5861,28.0645,27.1043,25.9898,25.9022,3.35
32.5721,29.9198,28.3851,27.4396,26.0840,25.9106,3.45
32.6344,29.9747,28.5255,27.5696,26.2014,26.0449,3.55
32.6003,29.8989,28.4435,27.5328,26.1725,25.9988,3.65
32.9163,30.0346,28.5341,27.6653,26.1933,25.9813,3.75
33.1956,30.3369,28.8756,27.9846,26.4054,26.1203,3.85
33.3525,30.3604,28.8755,27.9836,26.4461,26.1790,3.95
33.1930,30.2535,28.8166,27.8903,26.3959,26.1152,4.05
33.4482,30.5364,29.0443,28.1301,26.5401,26.1869,4.15
34.0592,30.8219,29.3960,28.4578,26.8124,26.3414,4.25
33.9386,30.9276,29.4379,28.4639,26.8874,26.4293,4.35
34.1597,30.7959,29.3033,28.3813,26.8358,26.3673,4.45
34.5832,30.9709,29.4606,28.4980,26.8607,26.3745,4.55
35.1052,31.4343,29.8665,28.8634,27.2365,26.6115,4.65
34.5677,31.5895,29.9565,28.9111,27.4262,26.7777,4.75
35.0332,31.5289,29.9448,28.9090,27.4148,26.7779,4.85
35.5190,31.5400,29.9038,28.9024,27.4120,26.7352,4.95
34.8405,31.8765,30.2213,29.1182,27.5394,26.7994,5.05
35.5765,32.3427,30.4636,29.4191,27.7847,27.0940,5.15
35.7452,32.2728,30.7258,29.5200,27.9244,27.3164,5.25
35.4823,32.4762,30.7669,29.4620,27.9450,27.2757,5.35
36.1241,32.3707,30.6877,29.4741,27.9149,27.2675,5.45
36.6063,32.6761,30.8662,29.7203,27.9425,27.3308,5.55
37.0876,33.2393,31.2476,29.9872,28.2251,27.5082,5.65
38.4378,33.3100,31.3566,30.0397,28.4239,27.7114,5.75
37.4837,33.4126,31.5686,30.0756,28.4348,27.7539,5.85
37.2825,33.6353,31.5138,30.1038,28.4506,27.7448,5.95
37.3753,33.3498,31.4766,30.0908,28.4655,27.7766,6.05
42.7837,33.6516,31.8604,30.4045,28.5794,27.8380,6.15
38.0735,34.5678,32.0880,30.6530,28.7864,28.0169,6.25
-9999.0000,34.2523,32.1790,30.7144,28.8850,28.1306,6.35
-9999.0000,34.5430,32.2142,30.7291,28.9496,28.2323,6.45
-9999.0000,34.7116,32.4342,30.8097,29.0138,28.2737,6.55
37.7501,34.4226,32.3202,30.7107,29.0185,28.2901,6.65
-9999.0000,34.7158,32.4655,31.0416,29.0592,28.2742,6.75
39.0584,35.1959,32.8132,31.2453,29.3028,28.4117,6.85
-9999.0000,35.5899,33.1010,31.2580,29.4859,28.5510,6.95
-9999.0000,35.0145,33.0518,31.3993,29.5028,28.6651,7.05
-9999.0000,35.4319,33.2175,31.4186,29.5375,28.6661,7.15
-9999.0000,35.5698,33.0006,31.4478,29.5218,28.6832,7.25
-9999.0000,35.6805,33.1111,31.5187,29.6280,28.7365,7.35
-9999.0000,35.4622,33.6003,31.5934,29.6340,28.7590,7.45
-9999.0000,36.1337,33.8009,31.7960,29.7002,28.8514,7.55
-9999.0000,36.2967,33.7007,31.8145,29.9189,29.0458,7.65
-9999.0000,35.7564,33.8544,31.8656,29.9987,29.0814,7.75
-9999.0000,36.9041,33.7046,32.0346,30.0908,29.1408,7.85
-9999.0000,36.4092,33.7063,31.9343,30.0786,29.0714,7.95
-9999.0000,36.4806,33.7044,32.2324,30.1423,29.1216,8.05
-9999.0000,36.6155,34.0102,32.1431,30.1018,29.1607,8.15
-9999.0000,36.7979,34.1056,32.2826,30.2331,29.1815,8.25
-9999.0000,36.5739,34.6883,32.4742,30.2214,29.3394,8.35
-9999.0000,36.4572,34.6693,32.4803,30.4602,29.3611,8.45
-9999.0000,36.9764,34.5783,32.5426,30.6308,29.4673,8.55
-9999.0000,37.2237,34.2046,32.5875,30.5689,29.5610,8.65
-9999.0000,38.6794,34.5858,32.6580,30.5969,29.5290,8.75
-9999.0000,37.1345,34.4219,32.5609,30.7024,29.5030,8.85
-9999.0000,41.2919,34.4368,32.5024,30.6451,29.5164,8.95
