u,g,r,i,z,y,time
27.0922,25.9500,25.0762,24.5270,24.2782,24.3364,0.05
28.5306,26.6705,25.3623,24.3444,23.8268,23.7454,0.15
29.3787,26.9855,25.5693,24.4013,23.5681,23.4757,0.25
30.0008,27.4643,25.7197,24.3871,23.5273,23.2716,0.35
29.8914,27.6912,25.8344,24.3845,23.4848,23.1057,0.45
32.4543,27.9636,25.8848,24.4059,23.5088,22.9799,0.55
31.5818,28.0463,26.0205,24.3476,23.4731,22.9028,0.65
31.8250,28.2774,26.0835,24.3469,23.5037,22.8316,0.75
31.8033,28.4000,26.1751,24.2856,23.5035,22.7796,0.85
31.7602,28.4213,26.2018,24.3242,23.4847,22.7687,0.95
31.4277,28.7887,26.2137,24.3244,23.4989,22.7407,1.05
32.6856,28.7693,26.2897,24.3769,23.5239,22.7766,1.15
32.3528,28.7164,26.3825,24.4104,23.5376,22.7975,1.25
33.3866,28.8235,26.3861,24.4892,23.5493,22.8502,1.35
34.4123,28.9970,26.5243,24.4930,23.5469,22.8726,1.45
33.6800,29.0015,26.6272,24.5482,23.6081,22.8950,1.55
33.5273,29.3294,26.6148,24.6332,23.6089,22.9491,1.65
32.4994,29.4238,26.7104,24.6908,23.6523,23.0055,1.75
35.8900,29.3816,26.7833,24.7748,23.6642,23.0265,1.85
33.3854,29.6761,26.8492,24.8688,23.7013,23.0724,1.95
32.9693,29.9649,26.9039,24.8732,23.7464,23.1159,2.05
33.5326,29.7547,27.0313,24.9938,23.7954,23.1409,2.15
32.7467,29.9206,27.0422,24.9840,23.8251,23.2000,2.25
33.5452,30.0291,27.1352,25.1433,23.8559,23.2179,2.35
33.4128,30.2077,27.2218,25.1785,23.9265,23.2540,2.45
-9999.0000,30.1181,27.2052,25.2197,23.9455,23.2621,2.55
34.1456,30.4605,27.3574,25.2974,23.9883,23.3504,2.65
-9999.0000,30.5870,27.4656,25.3801,24.0555,23.4023,2.75
-9999.0000,30.4119,27.4079,25.4605,24.0618,23.4203,2.85
36.1036,30.3506,27.5097,25.5385,24.1283,23.4624,2.95
33.7326,30.4603,27.5448,25.5295,24.1686,23.5165,3.05
34.8276,30.5565,27.6528,25.6193,24.2072,23.5176,3.15
36.3744,30.4763,27.6741,25.6479,24.2398,23.5810,3.25
33.2313,30.3803,27.6869,25.7260,24.2838,23.6224,3.35
33.4978,30.5752,27.6973,25.7710,24.3399,23.6548,3.45
-9999.0000,30.6857,27.8836,25.8325,24.3545,23.6757,3.55
34.9155,31.2713,27.9337,25.8492,24.3768,23.7279,3.65
35.7333,31.3575,27.8251,25.9891,24.4558,23.7883,3.75
34.1607,30.7624,27.7963,26.0044,24.5668,23.7933,3.85
-9999.0000,31.1744,27.9803,26.0504,24.5846,23.8915,3.95
-9999.0000,31.5549,28.0690,26.1986,24.5988,23.9021,4.05
35.8054,30.6742,27.9435,26.1631,24.6530,23.9671,4.15
34.9630,31.0490,28.2154,26.2443,24.7425,23.9488,4.25
-9999.0000,31.3035,28.2353,26.3657,24.7624,24.0186,4.35
-9999.0000,31.2561,28.1661,26.3252,24.7984,24.0364,4.45
-9999.0000,31.1342,28.2345,26.4049,24.8171,24.0894,4.55
-9999.0000,31.0744,28.3907,26.5498,24.9257,24.1224,4.65
-9999.0000,31.1651,28.2249,26.4832,24.9579,24.1767,4.75
-9999.0000,31.3336,28.5746,26.5427,24.9902,24.1855,4.85
34.7413,31.8000,28.4858,26.6224,25.0574,24.2577,4.95
34.0137,31.1717,28.5302,26.6055,25.1113,24.3113,5.05
-9999.0000,31.4242,28.5098,26.5920,25.1184,24.3244,5.15
34.3428,31.5012,28.3865,26.6078,25.2237,24.3725,5.25
-9999.0000,31.2670,28.5687,26.6845,25.2670,24.3935,5.35
-9999.0000,31.5719,28.5973,26.7965,25.3274,24.4504,5.45
-9999.0000,31.6609,28.6095,26.7360,25.3751,24.4690,5.55
-9999.0000,31.6753,28.5902,26.8899,25.4117,24.5432,5.65
-9999.0000,31.6759,28.6088,27.0196,25.4742,24.5842,5.75
36.4905,31.4534,28.7008,26.9823,25.5009,24.6046,5.85
36.3096,31.0692,28.5589,26.9089,25.4851,24.6452,5.95
-9999.0000,31.2386,28.6875,26.8943,25.5638,24.7010,6.05
-9999.0000,31.4557,28.8548,27.0307,25.6493,24.7610,6.15
-9999.0000,31.5310,28.8279,27.0387,25.7228,24.7390,6.25
-9999.0000,31.2248,28.9518,26.9922,25.8257,24.8048,6.35
-9999.0000,31.4618,28.8478,27.0915,25.8334,24.8980,6.45
-9999.0000,31.2786,28.8318,27.1094,25.8597,24.9147,6.55
-9999.0000,31.7320,28.8109,27.0976,25.8391,24.9540,6.65
-9999.0000,31.3824,28.9430,27.1542,25.9327,25.0062,6.75
-9999.0000,31.6046,28.7467,27.1381,25.9935,25.0776,6.85
-9999.0000,31.7631,28.8553,27.1113,26.0030,25.1154,6.95
-9999.0000,31.4657,28.9756,27.2221,25.9765,25.1257,7.05
-9999.0000,31.8455,28.9322,27.1312,26.0054,25.2040,7.15
36.1350,31.6586,28.8988,27.0787,26.1331,25.2397,7.25
-9999.0000,31.4201,28.9252,27.2101,26.0850,25.2974,7.35
-9999.0000,31.7580,28.9680,27.1877,26.1999,25.3570,7.45
-9999.0000,31.3301,28.9947,27.1687,26.2317,25.3357,7.55
-9999.0000,31.4829,28.9126,27.2632,26.2583,25.4687,7.65
-9999.0000,31.4606,28.9244,27.2426,26.2716,25.4837,7.75
36.6650,31.5715,29.2040,27.1921,26.3669,25.5527,7.85
36.8333,31.7319,29.0460,27.2809,26.4081,25.6378,7.95
-9999.0000,31.9100,28.9891,27.2453,26.4329,25.6265,8.05
-9999.0000,31.5241,29.1679,27.1209,26.3729,25.6809,8.15
-9999.0000,31.5650,29.1200,27.2414,26.5031,25.7498,8.25
-9999.0000,31.7842,29.0361,27.3264,26.4497,25.8279,8.35
35.1488,31.6359,29.1132,27.2618,26.4355,25.8980,8.45
-9999.0000,31.9541,29.1782,27.2655,26.5336,25.8433,8.55
-9999.0000,32.0575,29.1621,27.3454,26.5049,25.9572,8.65
-9999.0000,31.8928,29.1504,27.2819,26.5786,25.9924,8.75
-9999.0000,32.2846,29.1300,27.3224,26.6088,25.9702,8.85
-9999.0000,32.0729,29.1595,27.3272,26.5647,26.0271,8.95
