u,g,r,i,z,y,time
25.5424,25.4206,25.6739,26.1058,26.3389,26.6551,0.05
24.7844,24.7681,25.0990,25.6368,25.8185,26.1698,0.15
24.7827,24.5497,24.8014,25.3833,25.6021,25.9892,0.25
25.0112,24.4979,24.6639,25.1882,25.4697,25.9036,0.35
25.4092,24.5313,24.6147,25.0781,25.4133,25.8979,0.45
25.9023,24.6499,24.5835,25.0246,25.3920,25.8621,0.55
26.4256,24.8868,24.5782,25.0215,25.3973,25.8588,0.65
27.0598,25.2511,24.6146,25.0489,25.4254,25.8437,0.75
27.6980,25.7112,24.7143,25.0833,25.4728,25.7924,0.85
28.2854,26.1605,24.8528,25.0705,25.5167,25.7072,0.95
28.7888,26.5641,25.0325,24.9769,25.4736,25.5726,1.05
29.2671,26.9242,25.2601,24.9295,25.3943,25.4522,1.15
29.7336,27.2127,25.4827,24.9062,25.3152,25.3472,1.25
30.1519,27.4467,25.6980,24.9462,25.2387,25.2694,1.35
30.5019,27.6487,25.9282,25.0543,25.2515,25.2911,1.45
30.7819,27.8611,26.1376,25.1501,25.2746,25.3219,1.55
31.1202,28.0079,26.3061,25.2496,25.3348,25.3470,1.65
31.3989,28.1481,26.5132,25.3518,25.4503,25.4156,1.75
31.8446,28.2899,26.6648,25.4425,25.5544,25.4389,1.85
31.8939,28.4182,26.8149,25.5542,25.6737,25.5099,1.95
32.3033,28.5734,26.9230,25.6256,25.7720,25.5366,2.05
32.3396,28.6890,27.0485,25.7700,25.9045,25.5878,2.15
32.6286,28.8269,27.1167,25.8242,25.9917,25.6151,2.25
32.6501,28.8964,27.2465,25.9512,26.0960,25.6663,2.35
32.9984,28.9541,27.2627,26.0246,26.1448,25.6899,2.45
32.8527,29.0649,27.3538,26.0856,26.1982,25.7448,2.55
33.0730,29.0980,27.3814,26.1692,26.2644,25.7760,2.65
33.0397,29.1060,27.4004,26.2251,26.2836,25.7847,2.75
32.9790,29.2308,27.4968,26.2652,26.3372,25.8514,2.85
33.4462,29.2234,27.4835,26.2949,26.3715,25.8925,2.95
33.4392,29.2760,27.5146,26.3533,26.3729,25.9161,3.05
33.0676,29.3771,27.5826,26.4046,26.4203,25.9729,3.15
33.4458,29.3758,27.5832,26.4353,26.4543,25.9858,3.25
33.5093,29.3992,27.5905,26.4668,26.4954,26.0525,3.35
33.1075,29.4589,27.6483,26.5034,26.5027,26.0980,3.45
33.5507,29.4742,27.6422,26.5148,26.5544,26.1205,3.55
33.7697,29.4749,27.6250,26.5561,26.5577,26.1714,3.65
33.5264,29.5070,27.6945,26.5862,26.6356,26.1980,3.75
33.5666,29.6044,27.7308,26.6229,26.6310,26.2686,3.85
33.5594,29.5231,27.7164,26.6306,26.6724,26.2944,3.95
33.6622,29.6136,27.7114,26.6801,26.7370,26.3197,4.05
33.6336,29.6616,27.7647,26.7133,26.7781,26.4012,4.15
33.5667,29.6690,27.7896,26.7414,26.8029,26.3941,4.25
33.9702,29.6785,27.7851,26.7503,26.8343,26.4350,4.35
33.9986,29.7020,27.7886,26.7794,26.8876,26.4581,4.45
34.0617,29.7640,27.8211,26.8168,26.9246,26.5459,4.55
33.7810,29.7845,27.8820,26.8594,26.9781,26.5774,4.65
33.9534,29.8078,27.8722,26.8848,27.0012,26.5874,4.75
34.1658,29.7974,27.8598,26.9035,27.0265,26.6297,4.85
33.8297,29.8666,27.8731,26.9225,27.0806,26.6878,4.95
34.2180,29.8916,27.9222,26.9584,27.1380,26.7396,5.05
34.0363,29.9351,27.9664,26.9936,27.1580,26.7760,5.15
34.2665,29.9764,27.9786,27.0302,27.1925,26.7917,5.25
34.1054,29.9540,27.9501,27.0509,27.2352,26.8208,5.35
34.3581,29.9848,27.9882,27.0849,27.2825,26.8726,5.45
34.1591,30.0172,28.0008,27.1202,27.3296,26.9185,5.55
34.2926,30.0656,28.0430,27.1540,27.3843,26.9728,5.65
34.0727,30.0800,28.0866,27.1809,27.4019,26.9768,5.75
34.5661,30.0838,28.0587,27.1986,27.4276,27.0100,5.85
34.2775,30.0838,28.0799,27.2392,27.4934,27.0630,5.95
34.2718,30.1432,28.0757,27.2394,27.5193,27.1628,6.05
34.5474,30.1759,28.1266,27.3060,27.5911,27.1911,6.15
34.3614,30.2124,28.1808,27.3197,27.6306,27.2029,6.25
34.7087,30.2493,28.1973,27.3331,27.6623,27.2356,6.35
34.6653,30.2247,28.2113,27.3707,27.6725,27.2380,6.45
34.3971,30.2671,28.2193,27.4047,27.7477,27.2959,6.55
34.9816,30.3097,28.2176,27.4339,27.7794,27.3726,6.65
34.6895,30.3299,28.2430,27.4784,27.8094,27.4240,6.75
34.6209,30.3891,28.2694,27.5055,27.8667,27.4133,6.85
34.4667,30.4093,28.2916,27.5013,27.8694,27.4363,6.95
34.5171,30.3652,28.3422,27.5726,27.9256,27.4801,7.05
34.7259,30.4557,28.3233,27.6025,27.9314,27.5177,7.15
34.6964,30.4434,28.3180,27.6170,28.0195,27.5898,7.25
34.6521,30.4962,28.3451,27.6620,28.0546,27.6008,7.35
34.8320,30.5057,28.3838,27.6933,28.0919,27.6524,7.45
34.8314,30.5357,28.3981,27.7376,28.1373,27.6826,7.55
35.0459,30.5558,28.4427,27.7325,28.1594,27.7419,7.65
35.2311,30.6022,28.4747,27.7647,28.1766,27.7198,7.75
34.5565,30.5819,28.4531,27.7981,28.1951,27.7743,7.85
34.6740,30.6478,28.4669,27.8402,28.2390,27.8261,7.95
34.7893,30.6588,28.4787,27.8745,28.3112,27.8780,8.05
34.6994,30.6965,28.4980,27.9140,28.3269,27.9501,8.15
34.9361,30.7156,28.5300,27.9473,28.3820,27.9572,8.25
35.0851,30.7233,28.5572,27.9846,28.4186,27.9791,8.35
35.0491,30.7429,28.5922,27.9948,28.4231,27.9838,8.45
34.9084,30.7982,28.5972,28.0154,28.4276,27.9725,8.55
34.7636,30.8286,28.6243,28.0768,28.4966,28.0557,8.65
34.9956,30.8469,28.6288,28.0855,28.5051,28.0704,8.75
35.1195,30.8642,28.6455,28.1194,28.5863,28.1626,8.85
35.0621,30.8557,28.6483,28.1532,28.6129,28.1435,8.95
