u,g,r,i,z,y,time
25.6785,25.1905,25.3950,25.7019,26.0089,26.2358,0.05
24.9281,24.4096,24.6976,25.0734,25.4023,25.6468,0.15
24.7282,24.0653,24.3104,24.6998,25.0535,25.3053,0.25
24.7804,23.8820,24.0643,24.4418,24.8046,25.0959,0.35
24.9678,23.8257,23.9214,24.2402,24.6119,24.9395,0.45
25.2287,23.8606,23.8255,24.0940,24.4865,24.8385,0.55
25.5555,23.9630,23.7418,24.0039,24.3625,24.7460,0.65
25.8749,24.1178,23.6826,23.9326,24.2835,24.6984,0.75
26.2217,24.3306,23.6369,23.8829,24.2321,24.6535,0.85
26.5742,24.6125,23.6255,23.8629,24.2112,24.6265,0.95
26.9273,24.9278,23.6491,23.8594,24.2113,24.6475,1.05
27.2563,25.2330,23.7313,23.8364,24.2455,24.6721,1.15
27.5616,25.4991,23.8355,23.8451,24.2698,24.7089,1.25
27.8539,25.7559,23.9946,23.8338,24.2990,24.7414,1.35
28.2486,25.9719,24.1999,23.8029,24.3258,24.7729,1.45
28.4507,26.1232,24.3886,23.7778,24.2964,24.7662,1.55
28.6848,26.2959,24.5747,23.7502,24.2596,24.7316,1.65
29.0566,26.4477,24.7229,23.7477,24.1627,24.6720,1.75
29.3262,26.5607,24.8386,23.7568,24.0826,24.5946,1.85
29.5409,26.7078,24.9587,23.8062,23.9882,24.5034,1.95
29.8298,26.8097,25.0342,23.8265,23.9253,24.4210,2.05
30.0101,26.9512,25.1330,23.8823,23.8527,24.3580,2.15
30.1820,27.0320,25.2004,23.9514,23.8176,24.3103,2.25
30.3147,27.1562,25.3125,24.0096,23.8082,24.2680,2.35
30.5419,27.2396,25.3778,24.0946,23.7999,24.2590,2.45
30.5618,27.3435,25.4350,24.1370,23.8089,24.2388,2.55
31.1032,27.4336,25.5216,24.1996,23.8253,24.2526,2.65
31.0053,27.5264,25.5695,24.2539,23.8503,24.2469,2.75
31.1722,27.6355,25.6315,24.3060,23.8784,24.2679,2.85
31.5423,27.6700,25.6718,24.3581,23.9168,24.3019,2.95
31.2893,27.7318,25.7059,24.3908,23.9684,24.3303,3.05
31.6088,27.7941,25.7491,24.4377,24.0235,24.4019,3.15
32.0458,27.8519,25.8305,24.4894,24.0886,24.4534,3.25
31.5275,27.8817,25.8365,24.5250,24.1411,24.4957,3.35
31.8199,27.9299,25.8657,24.5441,24.1980,24.5761,3.45
32.0532,27.9902,25.9004,24.5991,24.2521,24.6579,3.55
32.0765,28.0481,25.9274,24.6308,24.2993,24.7107,3.65
32.2440,28.0666,25.9484,24.6526,24.3596,24.7790,3.75
32.3549,28.0943,25.9889,24.6840,24.4142,24.8654,3.85
32.6404,28.1397,25.9996,24.7305,24.4695,24.9680,3.95
32.5753,28.1590,26.0379,24.7646,24.5180,25.0523,4.05
32.2438,28.1995,26.0275,24.7694,24.6070,25.1523,4.15
32.3363,28.1864,26.0713,24.8000,24.6460,25.2665,4.25
32.6434,28.2922,26.0843,24.8235,24.7079,25.3979,4.35
32.4209,28.2845,26.1098,24.8588,24.7665,25.5120,4.45
32.6444,28.2980,26.0928,24.8660,24.8499,25.6250,4.55
32.2803,28.3856,26.1320,24.9079,24.8981,25.7412,4.65
32.8582,28.4077,26.1361,24.9100,24.9514,25.8747,4.75
33.2814,28.3864,26.1504,24.9356,24.9949,25.9784,4.85
32.6346,28.3296,26.1646,24.9600,25.0582,26.1000,4.95
32.6020,28.4325,26.2054,24.9898,25.0960,26.1986,5.05
32.5831,28.4223,26.2106,24.9875,25.1690,26.3461,5.15
32.7106,28.4013,26.2271,25.0038,25.2199,26.4613,5.25
32.9194,28.4774,26.2260,25.0316,25.2565,26.5872,5.35
32.7104,28.4844,26.2500,25.0409,25.3048,26.6702,5.45
32.9556,28.5136,26.2676,25.0592,25.3687,26.7536,5.55
33.2395,28.5176,26.2845,25.0866,25.4381,26.8251,5.65
32.4813,28.5761,26.3041,25.0985,25.4595,26.9371,5.75
32.7902,28.5638,26.3183,25.1095,25.5005,27.0466,5.85
32.8928,28.5949,26.2980,25.1396,25.5318,27.1280,5.95
33.2400,28.6116,26.3387,25.1778,25.5844,27.2051,6.05
32.8491,28.5619,26.3633,25.1612,25.6407,27.3263,6.15
33.0360,28.6426,26.3737,25.1768,25.6733,27.3168,6.25
32.6863,28.6265,26.3934,25.2027,25.7006,27.5054,6.35
32.8279,28.7078,26.4094,25.2201,25.7313,27.5895,6.45
33.1832,28.6945,26.4247,25.2363,25.7924,27.6918,6.55
33.2184,28.7384,26.4063,25.2484,25.8386,27.7564,6.65
32.7614,28.7684,26.4477,25.2726,25.8976,27.7890,6.75
33.2933,28.7399,26.4591,25.3200,25.8859,27.8906,6.85
33.2168,28.7621,26.4909,25.2948,25.8994,27.9587,6.95
33.2623,28.7531,26.5058,25.3377,25.9496,28.0516,7.05
33.2743,28.8065,26.5227,25.3443,25.9989,28.0990,7.15
33.1384,28.8645,26.5343,25.3505,26.0386,28.1787,7.25
33.4294,28.8639,26.5419,25.3786,26.0925,28.2009,7.35
33.5039,28.8901,26.5782,25.4098,26.1044,28.3255,7.45
33.9001,28.8855,26.5620,25.4086,26.1067,28.3950,7.55
33.2357,28.9167,26.6042,25.4458,26.1531,28.5073,7.65
33.8407,28.9116,26.6191,25.4547,26.1836,28.5230,7.75
33.3366,28.9262,26.6390,25.4683,26.2185,28.5879,7.85
33.4886,28.9133,26.6628,25.4874,26.2468,28.7063,7.95
33.2314,28.9702,26.6998,25.5122,26.2979,28.7305,8.05
34.4452,28.9995,26.6842,25.5288,26.3163,28.8591,8.15
34.3290,29.0361,26.7010,25.5472,26.3491,28.7980,8.25
33.9171,29.0728,26.7273,25.5863,26.3854,28.8457,8.35
33.5074,29.0770,26.7771,25.5909,26.4215,28.9669,8.45
33.3076,29.0962,26.7836,25.5906,26.4350,28.9887,8.55
33.5393,29.1175,26.7682,25.6182,26.4927,29.1752,8.65
33.5875,29.1268,26.8094,25.6350,26.5061,29.2245,8.75
33.8195,29.1363,26.8130,25.6540,26.5141,29.1819,8.85
33.6471,29.2002,26.8542,25.6667,26.5437,29.2861,8.95
