u,g,r,i,z,y,time
28.6270,27.0735,25.7199,24.9338,24.9264,24.9249,0.05
29.3888,27.5068,25.8361,24.8415,24.5591,24.6564,0.15
29.9835,27.8249,25.9004,24.8515,24.3197,24.3576,0.25
30.6837,27.9640,26.0325,24.8967,24.2197,24.1162,0.35
31.0865,28.3130,26.1316,24.9546,24.1749,24.0379,0.45
30.5029,28.3556,26.2400,24.9948,24.1305,23.8871,0.55
31.6498,28.5992,26.3645,25.0016,24.1914,23.8148,0.65
31.4666,28.7200,26.5541,25.0304,24.2088,23.7431,0.75
31.6615,28.8174,26.5882,25.0613,24.2692,23.7182,0.85
31.7096,28.8399,26.7422,25.0524,24.2790,23.6931,0.95
32.4918,29.1149,26.7684,25.1416,24.3343,23.7285,1.05
31.9781,29.1135,26.9115,25.2046,24.3870,23.7282,1.15
32.4206,29.3082,27.0585,25.3000,24.4429,23.7636,1.25
32.4498,29.4473,27.1562,25.3454,24.4996,23.7566,1.35
32.5013,29.5612,27.2463,25.4170,24.5358,23.8033,1.45
32.0966,29.6794,27.4015,25.4614,24.5808,23.8521,1.55
32.1420,30.0059,27.3834,25.5298,24.5933,23.8938,1.65
32.5896,30.0169,27.4715,25.6296,24.6469,23.9484,1.75
32.8930,29.9275,27.6011,25.6794,24.7058,23.9599,1.85
33.1508,29.9764,27.7735,25.7587,24.7629,24.0035,1.95
33.6146,30.1309,27.8814,25.8223,24.8119,24.0645,2.05
32.7507,30.2776,27.8964,25.9100,24.8521,24.1202,2.15
32.9482,30.5090,27.9867,25.9687,24.9031,24.1658,2.25
33.4669,30.4314,28.1426,26.0464,24.9396,24.2256,2.35
33.3580,30.4138,28.1035,26.1212,24.9874,24.2438,2.45
33.7260,30.6084,28.2019,26.1739,25.0575,24.3383,2.55
33.8925,30.9804,28.3278,26.2858,25.0541,24.3860,2.65
33.7400,30.8856,28.3330,26.3466,25.1532,24.4348,2.75
33.7250,30.7436,28.3825,26.4085,25.1738,24.4942,2.85
35.0122,30.7895,28.4465,26.5025,25.2381,24.5276,2.95
32.9168,30.6054,28.4754,26.6271,25.3152,24.6253,3.05
33.6777,30.8633,28.5982,26.6769,25.3513,24.6567,3.15
34.0420,31.2256,28.5936,26.7362,25.4294,24.7081,3.25
34.1244,31.0684,28.5357,26.7592,25.4850,24.7894,3.35
34.6418,31.0354,28.6571,26.8441,25.5867,24.8037,3.45
33.4672,31.2951,28.6140,26.9366,25.6279,24.8899,3.55
33.8479,31.1549,28.7270,27.0764,25.6559,24.9350,3.65
33.7157,31.1207,28.6591,27.0699,25.7652,24.9879,3.75
33.5374,31.1355,28.9159,27.1296,25.8110,25.0516,3.85
34.1264,31.2387,28.8097,27.2210,25.8222,25.0894,3.95
34.6221,31.1850,28.9833,27.3051,25.9050,25.1453,4.05
33.9579,31.8478,28.8787,27.2556,25.9498,25.2015,4.15
39.5245,31.4350,29.0440,27.3908,26.0507,25.2715,4.25
34.8840,31.2427,28.9936,27.4831,26.1235,25.3170,4.35
35.4874,31.3977,28.9408,27.4785,26.1383,25.3606,4.45
34.5228,31.1903,29.0041,27.4715,26.2786,25.4082,4.55
35.1048,31.4556,29.1078,27.6081,26.3539,25.4738,4.65
34.8176,31.6126,29.0802,27.6360,26.3860,25.5406,4.75
35.0097,31.5145,29.1483,27.7071,26.4709,25.5909,4.85
33.7130,31.9182,29.1791,27.6366,26.4908,25.6525,4.95
34.3173,31.3673,29.1923,27.7329,26.5392,25.6874,5.05
34.3906,31.4590,29.2954,27.6937,26.6095,25.7343,5.15
34.5564,31.7370,29.1768,27.8348,26.6924,25.8243,5.25
34.3747,31.6876,29.2537,27.7946,26.7772,25.8077,5.35
33.5353,31.9752,29.3177,27.7677,26.7949,25.9281,5.45
35.2300,31.6206,29.5385,27.8357,26.7898,25.9799,5.55
34.5591,31.5649,29.4663,27.7798,26.9722,26.0562,5.65
33.7780,31.8003,29.4399,27.8528,27.0228,26.0732,5.75
34.4160,31.7972,29.4067,27.8741,27.1106,26.1385,5.85
35.8070,31.8923,29.5187,27.8529,27.0317,26.2064,5.95
34.9632,32.1639,29.5368,27.9640,27.0607,26.3068,6.05
35.4834,31.6629,29.6316,27.9306,27.2380,26.3601,6.15
35.3257,31.9067,29.5157,27.9763,27.2366,26.4013,6.25
34.6264,32.0879,29.5764,27.9587,27.1980,26.4422,6.35
34.8149,31.7598,29.6913,28.0690,27.3565,26.5193,6.45
34.5093,32.0993,29.7657,28.0616,27.2904,26.6146,6.55
35.9098,31.9915,29.6955,28.0550,27.3922,26.6853,6.65
35.8249,32.0965,29.6733,28.0873,27.4553,26.7007,6.75
36.1276,32.0463,29.6976,28.0963,27.4031,26.7725,6.85
35.1938,32.1073,29.7429,28.1462,27.4189,26.8383,6.95
36.7495,32.1448,29.8395,28.1397,27.5413,26.8779,7.05
35.8303,32.2106,29.8140,28.1357,27.5448,26.9376,7.15
35.5856,32.2465,29.8356,28.3012,27.5887,26.9716,7.25
35.4847,32.1365,29.8832,28.2323,27.5588,27.0594,7.35
36.8807,32.2454,29.8807,28.2812,27.5955,27.0930,7.45
35.9803,32.2292,29.9235,28.2945,27.5882,27.1195,7.55
36.4885,32.4686,30.1963,28.3477,27.6098,27.1687,7.65
36.2515,32.3764,30.0516,28.3325,27.7084,27.1844,7.75
36.6161,32.3063,29.9964,28.4237,27.6869,27.2459,7.85
35.7388,32.3656,29.9527,28.4071,27.8091,27.2813,7.95
36.2594,32.2253,30.0694,28.5665,27.6774,27.3425,8.05
35.7600,32.3136,30.1209,28.5078,27.7449,27.3988,8.15
37.0595,32.2713,30.2626,28.5011,27.7308,27.3615,8.25
35.5775,32.3233,30.2853,28.6339,27.7698,27.3982,8.35
37.4688,32.4598,30.2777,28.6641,27.8921,27.4378,8.45
41.0276,32.3548,30.2491,28.6177,27.7904,27.5142,8.55
38.0562,32.1695,30.3316,28.7468,27.8942,27.5186,8.65
36.4503,32.5501,30.3580,28.7362,27.8930,27.5630,8.75
37.5189,32.6658,30.2901,28.8208,27.9354,27.6092,8.85
35.4223,32.5308,30.3837,28.7920,27.9386,27.6544,8.95
