u,g,r,i,z,y,time
35.3620,33.3959,32.3002,31.4506,30.9110,30.5523,0.05
37.2340,34.5916,33.0224,31.8719,31.0837,30.6797,0.15
38.6337,35.7233,33.8456,32.4616,31.3631,30.9761,0.25
-9999.0000,37.2265,34.6735,32.8851,31.8626,31.2036,0.35
-9999.0000,38.2499,35.2013,33.2807,32.2306,31.4186,0.45
-9999.0000,38.7069,35.6760,33.6177,32.3418,31.5577,0.55
-9999.0000,39.2996,36.2231,34.2037,32.6185,31.7626,0.65
-9999.0000,39.3507,37.0381,34.4942,32.8225,31.9691,0.75
-9999.0000,40.6745,37.1614,34.6339,32.9750,32.1275,0.85
-9999.0000,40.8485,37.4655,34.8435,32.9934,32.1133,0.95
-9999.0000,-9999.0000,38.5444,35.1615,33.0270,32.2053,1.05
-9999.0000,-9999.0000,39.4678,35.0623,33.2560,32.4207,1.15
-9999.0000,-9999.0000,38.1800,35.2965,33.4312,32.4778,1.25
-9999.0000,41.5915,38.2941,35.6151,33.7498,32.5251,1.35
-9999.0000,-9999.0000,38.4722,35.7232,33.6272,32.6238,1.45
-9999.0000,-9999.0000,39.2400,36.1831,33.6855,32.6584,1.55
-9999.0000,-9999.0000,38.2051,35.9932,33.9932,32.8342,1.65
-9999.0000,-9999.0000,38.1838,36.2505,34.3016,32.8074,1.75
-9999.0000,-9999.0000,-9999.0000,36.1336,34.3667,32.8125,1.85
-9999.0000,-9999.0000,39.1489,36.3617,34.2082,33.0050,1.95
-9999.0000,-9999.0000,39.3989,36.3623,34.4509,32.8958,2.05
-9999.0000,-9999.0000,38.9391,37.1446,34.3211,33.0073,2.15
-9999.0000,-9999.0000,-9999.0000,37.0467,34.4521,33.1681,2.25
-9999.0000,-9999.0000,38.0650,36.4493,34.4161,33.1149,2.35
-9999.0000,-9999.0000,38.3637,36.3732,34.5481,33.2265,2.45
-9999.0000,-9999.0000,39.5173,36.4963,34.4815,33.0958,2.55
-9999.0000,-9999.0000,38.9774,35.9703,34.1573,33.1901,2.65
-9999.0000,-9999.0000,38.4082,36.0319,34.5527,33.0815,2.75
-9999.0000,-9999.0000,40.9096,36.2565,34.7860,32.9826,2.85
-9999.0000,-9999.0000,38.3978,36.6733,34.8181,33.1846,2.95
-9999.0000,-9999.0000,39.2270,36.4584,34.3274,33.1445,3.05
-9999.0000,-9999.0000,39.1195,36.6108,34.6206,33.0720,3.15
-9999.0000,-9999.0000,38.4135,36.0883,34.3889,33.0894,3.25
-9999.0000,-9999.0000,39.4260,36.6598,34.8100,32.9772,3.35
-9999.0000,-9999.0000,-9999.0000,36.1301,34.8109,33.1331,3.45
-9999.0000,-9999.0000,38.2675,36.2840,34.7230,33.2565,3.55
-9999.0000,-9999.0000,39.4760,36.3161,34.5861,33.3130,3.65
-9999.0000,-9999.0000,38.5609,36.7570,34.6460,33.1319,3.75
-9999.0000,-9999.0000,38.5881,36.4112,34.4887,33.1947,3.85
-9999.0000,-9999.0000,39.5869,36.3209,34.7413,33.2347,3.95
-9999.0000,-9999.0000,38.4015,36.5445,34.4682,33.2928,4.05
-9999.0000,-9999.0000,39.7624,36.2369,34.6201,33.2614,4.15
-9999.0000,-9999.0000,38.2029,36.6632,34.5891,33.3360,4.25
-9999.0000,-9999.0000,44.5174,36.1834,34.5488,33.1393,4.35
-9999.0000,-9999.0000,38.4991,36.4735,34.7259,33.1668,4.45
-9999.0000,-9999.0000,41.9421,36.1233,34.6098,33.2184,4.55
-9999.0000,-9999.0000,38.7450,36.0367,34.9467,33.2490,4.65
-9999.0000,-9999.0000,40.7790,36.3712,34.8440,33.2412,4.75
-9999.0000,-9999.0000,-9999.0000,35.9210,34.5354,33.1731,4.85
-9999.0000,-9999.0000,39.8868,36.7587,34.9031,33.2535,4.95
-9999.0000,-9999.0000,39.7682,35.7045,34.6196,33.2104,5.05
-9999.0000,-9999.0000,39.6833,36.1498,34.7987,33.2859,5.15
-9999.0000,-9999.0000,39.0000,36.2839,34.6480,33.3102,5.25
-9999.0000,-9999.0000,38.6540,36.8186,34.8541,33.2097,5.35
-9999.0000,-9999.0000,38.9063,36.3462,34.6186,33.1607,5.45
-9999.0000,-9999.0000,41.3763,36.1177,34.8334,33.0317,5.55
-9999.0000,-9999.0000,-9999.0000,36.5160,34.6180,33.1101,5.65
-9999.0000,-9999.0000,40.0242,36.1266,34.9194,33.1525,5.75
-9999.0000,-9999.0000,-9999.0000,36.2087,34.6128,33.0937,5.85
-9999.0000,-9999.0000,38.0552,36.4450,34.4828,33.2222,5.95
-9999.0000,-9999.0000,39.8548,36.1201,34.6877,33.3327,6.05
-9999.0000,-9999.0000,39.2382,36.7283,34.6253,33.2666,6.15
-9999.0000,-9999.0000,40.1374,35.9041,34.6259,33.2151,6.25
-9999.0000,-9999.0000,40.2131,36.3950,34.6978,33.1414,6.35
-9999.0000,-9999.0000,41.4290,36.5239,34.6821,33.1256,6.45
-9999.0000,-9999.0000,39.7186,35.9201,34.5366,33.2389,6.55
-9999.0000,-9999.0000,39.3076,36.2518,34.4928,33.0943,6.65
-9999.0000,-9999.0000,39.2798,36.2718,34.6695,33.0569,6.75
-9999.0000,-9999.0000,39.2656,36.3778,34.7200,33.3240,6.85
-9999.0000,-9999.0000,38.7235,36.4117,34.6502,33.0925,6.95
-9999.0000,-9999.0000,40.0848,36.5946,34.6338,33.2132,7.05
-9999.0000,-9999.0000,40.0139,36.4518,34.7708,33.1928,7.15
-9999.0000,-9999.0000,40.8031,36.4577,34.3303,33.2579,7.25
-9999.0000,-9999.0000,39.2637,36.3145,34.8230,33.2813,7.35
-9999.0000,-9999.0000,39.0157,36.2891,34.7014,33.2567,7.45
-9999.0000,-9999.0000,39.2389,36.2871,34.8712,33.4407,7.55
-9999.0000,-9999.0000,40.2642,36.5324,34.6434,33.2309,7.65
-9999.0000,-9999.0000,40.9227,36.4059,34.5544,33.3467,7.75
-9999.0000,-9999.0000,42.3869,36.4152,34.8672,33.1989,7.85
-9999.0000,-9999.0000,40.2851,36.0970,34.5637,33.4144,7.95
-9999.0000,-9999.0000,39.6249,36.2202,34.6122,33.2998,8.05
-9999.0000,-9999.0000,40.3088,36.3357,34.7188,33.3991,8.15
-9999.0000,-9999.0000,40.3432,36.2198,34.7825,33.3870,8.25
-9999.0000,-9999.0000,-9999.0000,36.3849,34.7616,33.3927,8.35
-9999.0000,-9999.0000,39.8999,36.3181,34.7007,33.4292,8.45
-9999.0000,-9999.0000,40.4491,36.0799,34.5301,33.3917,8.55
-9999.0000,-9999.0000,39.5235,36.1298,34.5719,33.3881,8.65
-9999.0000,-9999.0000,39.6717,36.9929,34.6405,33.4362,8.75
-9999.0000,-9999.0000,41.4335,36.2853,34.7590,33.5247,8.85
-9999.0000,-9999.0000,39.1676,36.5510,34.8049,33.4671,8.95
