u,g,r,i,z,y,time
31.5264,29.5988,27.1907,26.8479,27.0078,27.1419,0.05
31.8802,29.9985,27.6507,26.7972,26.8154,26.9583,0.15
32.4801,30.4448,28.2261,27.1839,26.9003,26.9195,0.25
33.0131,30.8474,28.6970,27.6518,27.2871,27.0312,0.35
33.5121,31.1743,29.1074,28.0207,27.6456,27.2920,0.45
33.7310,31.4988,29.4560,28.3002,27.8919,27.5717,0.55
34.2175,31.7770,29.7294,28.5413,28.0799,27.7898,0.65
34.4613,31.9775,29.9590,28.7673,28.2770,27.9704,0.75
34.9316,32.1735,30.1619,28.9637,28.4455,28.1388,0.85
35.2426,32.3395,30.3202,29.1574,28.6026,28.3045,0.95
35.5326,32.4956,30.4568,29.3260,28.7637,28.4613,1.05
35.9275,32.6468,30.5814,29.4710,28.9182,28.6116,1.15
36.0438,32.8206,30.7032,29.6213,29.0598,28.7553,1.25
36.5605,33.0261,30.8145,29.7514,29.1899,28.8938,1.35
36.8273,33.1335,30.9102,29.8716,29.3179,29.0110,1.45
36.9668,33.3034,31.0070,29.9849,29.4354,29.1402,1.55
37.5132,33.4525,31.1163,30.0949,29.5422,29.2514,1.65
38.0370,33.6118,31.1862,30.1831,29.6689,29.3626,1.75
38.0068,33.7464,31.2661,30.2810,29.7515,29.4718,1.85
38.2765,33.8895,31.3860,30.3855,29.8508,29.5809,1.95
38.1868,34.0176,31.4426,30.4520,29.9545,29.6722,2.05
38.4153,34.1383,31.5500,30.5420,30.0343,29.7736,2.15
38.5795,34.2801,31.6521,30.6137,30.1310,29.8602,2.25
38.9321,34.4694,31.7403,30.6953,30.2171,29.9513,2.35
39.3255,34.5829,31.8034,30.7663,30.2992,30.0486,2.45
39.3491,34.6909,31.8992,30.8328,30.3517,30.1241,2.55
39.9166,34.8428,31.9705,30.9049,30.4414,30.1940,2.65
40.4191,34.9986,32.0557,30.9840,30.5227,30.2950,2.75
40.7731,35.1158,32.1425,31.0372,30.5839,30.3453,2.85
40.0819,35.2543,32.2209,31.1009,30.6716,30.4369,2.95
41.1338,35.4247,32.3085,31.1838,30.7195,30.5353,3.05
40.5710,35.5064,32.3678,31.2629,30.8121,30.5901,3.15
41.6994,35.7288,32.5027,31.3239,30.8566,30.6525,3.25
41.1048,35.8231,32.5915,31.4000,30.9258,30.7199,3.35
42.5933,36.0825,32.6483,31.4609,30.9909,30.7842,3.45
43.9922,36.1092,32.7574,31.5521,31.0600,30.8799,3.55
42.1525,36.3111,32.8205,31.6156,31.1319,30.9565,3.65
42.0146,36.3266,32.9025,31.6749,31.2150,30.9887,3.75
42.5248,36.7125,33.0001,31.7520,31.2638,31.0697,3.85
42.2679,36.7431,33.1124,31.8152,31.3087,31.1211,3.95
45.4484,36.8536,33.2053,31.8790,31.3761,31.2036,4.05
44.1750,37.0261,33.2987,31.9422,31.4297,31.2700,4.15
44.7050,37.2586,33.4031,32.0136,31.4959,31.3296,4.25
42.6317,37.3276,33.4515,32.0676,31.5906,31.3858,4.35
41.8786,37.4059,33.5796,32.1572,31.6335,31.4394,4.45
-9999.0000,37.5232,33.6976,32.2115,31.7067,31.5161,4.55
-9999.0000,37.7748,33.8046,32.3001,31.7637,31.5936,4.65
-9999.0000,37.6889,33.9123,32.3847,31.8302,31.6305,4.75
43.5541,37.9975,34.0004,32.4489,31.9043,31.7157,4.85
44.3769,38.1250,34.1030,32.5088,31.9719,31.7705,4.95
-9999.0000,38.2905,34.1991,32.5845,32.0098,31.8543,5.05
-9999.0000,38.3488,34.2663,32.6537,32.0709,31.8928,5.15
-9999.0000,38.4906,34.3902,32.7613,32.1647,31.9447,5.25
42.3891,38.6434,34.5007,32.8134,32.1768,32.0280,5.35
-9999.0000,38.5945,34.6484,32.9226,32.2704,32.1318,5.45
-9999.0000,38.8937,34.7558,32.9954,32.3658,32.1575,5.55
-9999.0000,38.8481,34.8341,33.0790,32.4442,32.2245,5.65
-9999.0000,38.9584,34.9088,33.1401,32.4642,32.3204,5.75
-9999.0000,39.3235,35.1082,33.2254,32.5677,32.3939,5.85
-9999.0000,39.2047,35.1817,33.2946,32.6106,32.4437,5.95
-9999.0000,39.4293,35.3144,33.4092,32.6927,32.4916,6.05
-9999.0000,39.3501,35.4357,33.4765,32.7683,32.6026,6.15
-9999.0000,39.4172,35.4905,33.5155,32.8229,32.6138,6.25
-9999.0000,39.2697,35.6491,33.6347,32.8895,32.6863,6.35
-9999.0000,39.6783,35.7565,33.7517,32.9680,32.7626,6.45
-9999.0000,39.9006,35.8982,33.7910,33.0136,32.8671,6.55
-9999.0000,39.9304,35.9722,33.9656,33.1210,32.9159,6.65
-9999.0000,39.9030,36.0210,34.0481,33.1528,32.9830,6.75
-9999.0000,40.2284,36.1144,34.1369,33.2431,33.0277,6.85
-9999.0000,40.8734,36.2950,34.1777,33.3309,33.0860,6.95
-9999.0000,40.1838,36.4241,34.2852,33.3415,33.1573,7.05
-9999.0000,40.1836,36.4572,34.3753,33.4877,33.2617,7.15
-9999.0000,40.5534,36.6387,34.4666,33.5531,33.3016,7.25
-9999.0000,40.5095,36.5660,34.6049,33.6574,33.4077,7.35
-9999.0000,40.5471,36.7606,34.6490,33.6606,33.5160,7.45
-9999.0000,40.6821,36.6476,34.7467,33.8228,33.5516,7.55
-9999.0000,40.6382,36.6514,34.8351,33.8935,33.6288,7.65
-9999.0000,40.8189,36.6316,34.9751,33.9502,33.7103,7.75
-9999.0000,41.0128,36.6342,35.0352,33.9865,33.7995,7.85
-9999.0000,40.9494,36.6063,35.0896,34.0428,33.8478,7.95
-9999.0000,40.7679,36.5478,35.2071,34.1292,33.9110,8.05
-9999.0000,40.9629,36.4461,35.3168,34.1492,33.9737,8.15
-9999.0000,40.6561,36.4629,35.3800,34.2428,34.0890,8.25
-9999.0000,40.9036,36.4784,35.3886,34.2891,34.1844,8.35
-9999.0000,41.0622,36.4667,35.5587,34.3962,34.1763,8.45
-9999.0000,41.5110,36.4148,35.5840,34.4782,34.2539,8.55
-9999.0000,41.5218,36.5152,35.6280,34.5552,34.2704,8.65
-9999.0000,41.7862,36.4440,35.7071,34.6691,34.3544,8.75
-9999.0000,41.9650,36.6661,35.6939,34.7764,34.4273,8.85
-9999.0000,42.5103,36.7951,35.7667,34.8768,34.5266,8.95
