u,g,r,i,z,y,time
28.5611,28.1513,28.3397,28.6049,28.8120,28.9299,0.05
27.7463,27.1777,27.4153,27.7061,27.9934,28.2280,0.15
27.3375,26.6596,26.8603,27.1469,27.5444,27.7362,0.25
27.1433,26.3419,26.5317,26.8479,27.1627,27.4499,0.35
26.9939,26.0817,26.2420,26.5463,26.9131,27.1945,0.45
26.8800,25.8907,26.0515,26.3310,26.6839,26.9626,0.55
26.9594,25.8296,25.9090,26.1599,26.5251,26.7672,0.65
26.9692,25.7541,25.8049,26.0176,26.3320,26.6468,0.75
26.9980,25.6955,25.6766,25.8776,26.1795,26.5067,0.85
27.0720,25.6816,25.5923,25.7767,26.0791,26.3941,0.95
27.1919,25.6783,25.5264,25.6752,25.9535,26.2715,1.05
27.2559,25.6993,25.4464,25.5856,25.8639,26.1814,1.15
27.2881,25.6868,25.3849,25.4984,25.7742,26.0777,1.25
27.3393,25.7174,25.3601,25.4882,25.7340,26.0675,1.35
27.5227,25.8196,25.3568,25.4630,25.6848,25.9523,1.45
27.5611,25.7927,25.2500,25.3475,25.5700,25.8192,1.55
27.5895,25.8460,25.2852,25.3844,25.5809,25.8471,1.65
27.8545,25.9149,25.2505,25.3369,25.4941,25.7481,1.75
27.7288,25.8728,25.2024,25.2837,25.4507,25.6829,1.85
28.0600,26.0391,25.2621,25.3180,25.4253,25.6673,1.95
27.9573,25.9473,25.1777,25.2305,25.3563,25.5817,2.05
28.3330,26.1286,25.2468,25.2567,25.3628,25.5973,2.15
28.2310,26.0336,25.1856,25.2044,25.3241,25.5328,2.25
28.6521,26.1869,25.2434,25.1765,25.2702,25.4970,2.35
28.5460,26.1846,25.2691,25.2398,25.3510,25.5046,2.45
28.8207,26.2141,25.2444,25.1023,25.1991,25.3801,2.55
29.0335,26.3840,25.3802,25.2218,25.3316,25.4646,2.65
28.9318,26.2668,25.3009,25.1052,25.2376,25.4026,2.75
29.3724,26.4658,25.4088,25.0811,25.1834,25.3492,2.85
29.3093,26.5534,25.4875,25.1728,25.2870,25.4319,2.95
29.2639,26.4662,25.4227,25.0448,25.1856,25.3525,3.05
29.5984,26.7248,25.6028,25.0625,25.1764,25.3341,3.15
29.5491,26.7852,25.6576,25.1352,25.2373,25.4150,3.25
29.5699,26.7056,25.5880,25.0314,25.1419,25.3123,3.35
29.8821,26.9710,25.7738,25.0346,25.1336,25.2924,3.45
29.9929,27.0968,25.9001,25.1155,25.1982,25.3688,3.55
29.8496,27.0364,25.8279,25.0719,25.1462,25.3397,3.65
29.9576,27.1545,25.8946,25.0398,25.1089,25.2848,3.75
30.3574,27.4815,26.1518,25.1384,25.1532,25.3026,3.85
30.2971,27.4954,26.1688,25.1623,25.1414,25.3428,3.95
30.2166,27.4092,26.0788,25.1155,25.0879,25.2637,4.05
30.4745,27.6481,26.2144,25.1227,25.0843,25.2559,4.15
30.6704,27.9682,26.4563,25.2361,25.1649,25.3194,4.25
30.7022,27.9907,26.4866,25.2614,25.1650,25.3009,4.35
30.5618,27.9409,26.4197,25.2296,25.1055,25.2601,4.45
30.7929,28.0159,26.4822,25.2474,25.1143,25.2329,4.55
31.1649,28.4196,26.7177,25.3516,25.2209,25.2713,4.65
31.2611,28.5259,26.8397,25.4368,25.2892,25.3413,4.75
31.1959,28.4558,26.8270,25.4079,25.2370,25.2741,4.85
31.0930,28.4237,26.7622,25.3993,25.2018,25.2328,4.95
31.5194,28.7000,26.9645,25.4615,25.2914,25.2421,5.05
31.7547,28.9895,27.2090,25.5803,25.4129,25.3188,5.15
31.7024,29.0284,27.2535,25.6548,25.4996,25.3584,5.25
31.8534,29.0568,27.2489,25.6622,25.4761,25.3188,5.35
31.7513,28.9475,27.2243,25.6549,25.4624,25.2887,5.45
32.1595,29.1721,27.3394,25.7232,25.4919,25.2774,5.55
32.4439,29.4490,27.5790,25.8733,25.6513,25.3660,5.65
32.6360,29.6120,27.6989,26.0169,25.8005,25.4731,5.75
32.8480,29.5430,27.7104,26.0413,25.8185,25.4792,5.85
32.6678,29.6346,27.6764,26.0431,25.8096,25.4658,5.95
32.6635,29.6348,27.7508,26.0874,25.8240,25.4420,6.05
33.4346,29.8745,27.9292,26.2080,25.8860,25.4814,6.15
33.4944,30.0849,28.0544,26.3926,26.0205,25.5563,6.25
34.0437,30.1737,28.1241,26.5478,26.1593,25.6924,6.35
33.4097,30.2401,28.1231,26.6130,26.1913,25.7165,6.45
33.3989,30.0445,28.1221,26.5968,26.1938,25.7140,6.55
33.8413,30.2013,28.1547,26.6176,26.2056,25.6897,6.65
33.5307,30.4395,28.2660,26.7457,26.2403,25.7497,6.75
34.0096,30.6052,28.3771,26.9473,26.3120,25.7833,6.85
34.4182,30.6685,28.4539,27.1018,26.4151,25.8612,6.95
34.4434,30.6609,28.5160,27.1742,26.4989,25.9238,7.05
33.9453,30.6704,28.4949,27.1916,26.5131,25.9256,7.15
34.5064,30.6246,28.5212,27.1565,26.4928,25.9587,7.25
34.3025,30.7397,28.4921,27.2298,26.4949,25.9572,7.35
35.5436,30.7403,28.5831,27.3783,26.5548,25.9982,7.45
35.3569,31.0517,28.7846,27.6705,26.6341,26.0406,7.55
35.3158,31.0742,28.8290,27.8482,26.7395,26.0868,7.65
35.5419,31.2141,28.9223,27.9593,26.8077,26.1168,7.75
34.8551,31.1726,28.8823,27.9448,26.7333,26.1625,7.85
35.3422,31.1960,28.8863,27.9396,26.7743,26.1643,7.95
37.9045,31.2297,28.8862,27.9577,26.7959,26.1594,8.05
35.0142,31.3876,28.9687,27.9918,26.8187,26.1961,8.15
35.3636,31.4152,29.0829,28.2045,26.8724,26.2679,8.25
37.0817,31.7064,29.2134,28.3314,27.0106,26.3401,8.35
35.3737,31.8053,29.3300,28.4338,27.0724,26.3935,8.45
35.5125,31.9460,29.3686,28.4846,27.1896,26.4658,8.55
35.6545,31.7050,29.3879,28.4137,27.1976,26.4642,8.65
36.7776,31.8511,29.3992,28.4712,27.2213,26.4655,8.75
36.2151,31.7037,29.4440,28.4972,27.2101,26.5157,8.85
36.8783,31.9596,29.4393,28.5472,27.2200,26.5080,8.95
