u,g,r,i,z,y,time
25.1690,25.4684,25.7432,26.0018,26.3152,26.6593,0.05
24.2395,24.4813,24.8834,25.2872,25.5707,25.9296,0.15
23.7022,23.9387,24.3624,24.8144,24.9451,25.2575,0.25
23.4396,23.6013,24.0627,24.5242,24.6667,24.9861,0.35
23.1436,23.3001,23.7246,24.1703,24.3876,24.6677,0.45
22.9534,23.0957,23.4984,24.0144,24.1746,24.5141,0.55
22.8523,22.9267,23.3201,23.8616,24.0455,24.2666,0.65
22.7450,22.7961,23.1708,23.6816,23.9203,24.1537,0.75
22.6798,22.6775,23.0115,23.5819,23.7593,24.0654,0.85
22.6729,22.5757,22.8970,23.4335,23.6430,23.9224,0.95
22.6706,22.5033,22.7958,23.3322,23.5262,23.8542,1.05
22.6885,22.4222,22.6937,23.2215,23.4041,23.7548,1.15
22.6742,22.3446,22.5980,23.0814,23.2928,23.6109,1.25
22.6966,22.3248,22.5500,23.0353,23.2482,23.6086,1.35
22.8102,22.3235,22.5271,22.9946,23.2182,23.5228,1.45
22.7903,22.2154,22.4036,22.8619,23.0331,23.4298,1.55
22.8225,22.2334,22.4246,22.8176,23.0185,23.3873,1.65
22.9967,22.1995,22.3663,22.7524,22.9852,23.3301,1.75
22.9222,22.1359,22.3100,22.6807,22.8874,23.2502,1.85
23.1650,22.1975,22.3220,22.6450,22.8752,23.2850,1.95
23.0784,22.1111,22.2542,22.5759,22.7647,23.1680,2.05
23.3241,22.1631,22.2807,22.5455,22.7698,23.1599,2.15
23.2437,22.0891,22.2324,22.5019,22.7146,23.0989,2.25
23.5201,22.1116,22.1862,22.4396,22.6920,23.0702,2.35
23.4763,22.1475,22.2438,22.4620,22.6831,23.0566,2.45
23.5812,22.0656,22.0855,22.3451,22.5904,22.9683,2.55
23.7974,22.2145,22.2453,22.4350,22.6809,23.0470,2.65
23.6536,22.1065,22.1103,22.3300,22.5580,22.9503,2.75
23.9858,22.1666,22.0730,22.2803,22.5057,22.9051,2.85
23.9728,22.2620,22.2099,22.3821,22.6029,22.9707,2.95
23.8900,22.1509,22.0557,22.2716,22.4749,22.8628,3.05
24.2312,22.2766,22.0398,22.2388,22.4761,22.8547,3.15
24.1825,22.3725,22.1349,22.3310,22.5564,22.8950,3.25
24.0915,22.2569,22.0247,22.2407,22.4634,22.8552,3.35
24.4301,22.3978,21.9915,22.1868,22.4493,22.8321,3.45
24.4577,22.5338,22.0649,22.2874,22.5177,22.8528,3.55
24.3524,22.4569,22.0222,22.2302,22.4839,22.8082,3.65
24.4629,22.4974,21.9618,22.1805,22.4174,22.7807,3.75
24.7409,22.7203,22.0210,22.1906,22.4249,22.7965,3.85
24.6937,22.7693,22.0480,22.2400,22.4634,22.8212,3.95
24.5914,22.6768,21.9777,22.1757,22.4257,22.7207,4.05
24.8456,22.8079,21.9865,22.1388,22.4023,22.7287,4.15
25.0440,23.0376,22.0669,22.1765,22.4421,22.7645,4.25
25.0630,23.0535,22.0700,22.1965,22.4354,22.7968,4.35
24.9668,23.0023,22.0151,22.1280,22.4188,22.7377,4.45
25.0723,23.0381,22.0209,22.1089,22.3938,22.6950,4.55
25.4331,23.3354,22.1087,22.1544,22.4057,22.7033,4.65
25.4940,23.4411,22.1757,22.1818,22.4743,22.7421,4.75
25.4539,23.4042,22.1231,22.1227,22.4170,22.6844,4.85
25.3903,23.3661,22.1072,22.0838,22.3622,22.6509,4.95
25.6982,23.5327,22.1758,22.0952,22.3850,22.6159,5.05
25.9624,23.7991,22.2830,22.1659,22.4113,22.6854,5.15
26.0046,23.8848,22.3260,22.2051,22.4600,22.7076,5.25
26.0810,23.8439,22.3092,22.1408,22.4164,22.6297,5.35
25.9656,23.8178,22.2964,22.1033,22.3702,22.5821,5.45
26.2387,23.9586,22.3511,22.1021,22.3557,22.5811,5.55
26.6128,24.2391,22.4941,22.1790,22.3822,22.6311,5.65
26.6286,24.3478,22.6046,22.2565,22.4526,22.6464,5.75
26.6492,24.3791,22.6327,22.2548,22.4401,22.6350,5.85
26.6187,24.3714,22.6330,22.2115,22.3906,22.5816,5.95
26.6985,24.3401,22.6443,22.2337,22.3729,22.5637,6.05
27.1833,24.5783,22.7463,22.2373,22.3972,22.5693,6.15
27.2990,24.7748,22.8872,22.3367,22.4528,22.6294,6.25
27.4210,24.8680,23.0441,22.4567,22.4929,22.7182,6.35
27.3848,24.8616,23.0636,22.4936,22.4756,22.6735,6.45
27.4449,24.8841,23.0656,22.4708,22.4534,22.6368,6.55
27.4202,24.8874,23.0679,22.5052,22.4679,22.6331,6.65
27.7106,25.0354,23.1496,22.5035,22.4700,22.6372,6.75
28.0693,25.1949,23.2945,22.5936,22.4810,22.6780,6.85
28.2405,25.2937,23.4850,22.7255,22.5755,22.7775,6.95
28.1970,25.3941,23.5436,22.7632,22.6296,22.7704,7.05
28.1948,25.3516,23.5741,22.7664,22.5886,22.7701,7.15
28.3304,25.3825,23.5726,22.7840,22.5892,22.7509,7.25
28.2216,25.4016,23.5988,22.8193,22.5827,22.7505,7.35
28.6148,25.5509,23.6748,22.8536,22.6203,22.7773,7.45
28.8285,25.6612,23.7867,22.8682,22.6476,22.8112,7.55
29.0543,25.7651,23.8812,22.9282,22.7162,22.8529,7.65
28.7787,25.7347,23.9006,23.0226,22.7391,22.8853,7.75
28.7733,25.7875,23.9407,23.0116,22.7424,22.8758,7.85
28.7551,25.7309,23.9524,23.0390,22.7506,22.8821,7.95
28.9844,25.8247,23.9756,23.0717,22.7755,22.8969,8.05
29.1506,25.9050,24.0348,23.0683,22.7914,22.9106,8.15
29.6590,26.0019,24.0812,23.1171,22.8516,22.9468,8.25
29.6976,26.1167,24.1276,23.1686,22.8959,22.9835,8.35
29.6508,26.1684,24.2001,23.2026,22.9433,23.0043,8.45
29.4738,26.1792,24.2185,23.2157,22.9112,22.9766,8.55
29.7664,26.1541,24.2221,23.2280,22.9316,23.0140,8.65
29.6606,26.2058,24.2231,23.2651,22.9515,23.0512,8.75
29.4668,26.1669,24.2442,23.2974,22.9952,23.0560,8.85
29.6892,26.2052,24.2343,23.2996,23.0591,23.0835,8.95
