u,g,r,i,z,y,time
31.5085,30.1005,29.6744,29.8409,29.9727,30.2178,0.05
30.7374,29.2882,28.9787,29.1817,29.3621,29.6405,0.15
31.0042,29.3326,28.8585,28.9906,29.0959,29.3596,0.25
31.5237,29.5873,28.8683,28.9421,28.9929,29.1850,0.35
32.1597,29.9935,28.9512,28.9161,28.9646,29.1003,0.45
32.9764,30.5714,29.1412,28.9066,28.9443,29.0702,0.55
33.9096,31.2670,29.5132,28.9772,28.9008,29.0521,0.65
34.4433,31.8264,29.9465,29.1676,28.8632,29.0246,0.75
35.0782,32.4126,30.3946,29.4864,28.8663,29.0029,0.85
35.6594,32.9826,30.8669,29.8471,28.9651,29.0194,0.95
36.3810,33.5053,31.2701,30.1858,29.1197,29.0732,1.05
37.0819,33.9788,31.6584,30.5060,29.3477,29.1840,1.15
37.4570,34.3578,31.9310,30.8083,29.6327,29.3142,1.25
37.9109,34.6504,32.1628,31.0478,30.0347,29.4991,1.35
38.5277,35.0403,32.4215,31.3877,30.6552,29.6477,1.45
38.9728,35.3532,32.5897,31.6007,30.9735,29.7782,1.55
39.4563,35.6625,32.8682,31.8974,31.3726,29.9809,1.65
40.3262,36.3606,33.2117,32.2738,31.7156,30.2479,1.75
40.8196,36.5672,33.3885,32.4351,31.8437,30.4604,1.85
41.2555,37.1616,33.8149,32.8350,32.1769,30.7579,1.95
41.7807,37.3868,33.9361,33.0036,32.2647,30.9449,2.05
44.3290,38.0753,34.3613,33.2802,32.5425,31.1757,2.15
42.3215,38.0015,34.5367,33.4289,32.6115,31.2581,2.25
-9999.0000,38.6162,34.7600,33.7015,32.8473,31.4150,2.35
-9999.0000,38.6134,35.0021,33.7707,32.9072,31.5485,2.45
41.7115,38.9088,35.0841,33.8787,32.9508,31.5750,2.55
-9999.0000,39.2750,35.3853,34.1369,33.1304,31.7336,2.65
-9999.0000,39.2442,35.4965,34.1458,33.0803,31.7487,2.75
-9999.0000,39.6050,35.5626,34.3456,33.2393,31.8330,2.85
-9999.0000,39.8594,35.6726,34.4163,33.3006,31.9121,2.95
-9999.0000,39.6850,35.6788,34.3287,33.2477,31.9197,3.05
-9999.0000,40.0066,35.8681,34.5308,33.3885,31.9800,3.15
-9999.0000,40.1901,35.9751,34.5962,33.4139,32.0960,3.25
-9999.0000,39.8787,35.8314,34.5298,33.4462,32.0458,3.35
-9999.0000,40.2021,35.9827,34.6722,33.4700,32.0559,3.45
45.0462,40.8106,36.1077,34.8575,33.6315,32.2225,3.55
-9999.0000,39.8872,36.1841,34.7450,33.5480,32.2386,3.65
-9999.0000,40.1756,36.1409,34.7796,33.4616,32.1853,3.75
-9999.0000,40.5288,36.2557,34.8810,33.7051,32.2764,3.85
-9999.0000,40.5173,36.4064,34.9001,33.7298,32.3602,3.95
-9999.0000,40.5090,36.4224,34.9454,33.5956,32.3189,4.05
-9999.0000,40.4121,36.3821,34.9211,33.6600,32.3477,4.15
-9999.0000,40.6409,36.4318,35.0923,33.7741,32.4193,4.25
-9999.0000,40.8042,36.7392,35.0828,33.7811,32.4791,4.35
-9999.0000,41.2603,36.6660,35.0748,33.8066,32.4659,4.45
-9999.0000,41.5061,36.4162,35.0996,33.6959,32.4173,4.55
42.4704,42.1819,36.6486,35.1834,33.8591,32.4639,4.65
-9999.0000,41.7389,36.8260,35.3743,33.8830,32.5858,4.75
-9999.0000,40.6389,36.7184,35.2816,33.8560,32.5814,4.85
-9999.0000,40.9508,36.7577,35.1759,33.8743,32.5789,4.95
-9999.0000,41.1090,36.6455,35.1858,33.8609,32.5815,5.05
-9999.0000,41.7866,37.0219,35.3966,33.9395,32.6263,5.15
-9999.0000,40.9953,37.0113,35.4824,33.9834,32.7100,5.25
-9999.0000,41.3591,36.9651,35.4655,34.0108,32.7396,5.35
-9999.0000,41.3287,37.0456,35.3677,33.9436,32.7020,5.45
-9999.0000,41.2809,36.9386,35.4357,33.9466,32.7635,5.55
-9999.0000,41.4485,36.9493,35.5846,34.0019,32.7635,5.65
-9999.0000,41.8189,37.1000,35.6325,34.1117,32.8229,5.75
-9999.0000,41.8110,37.3644,35.6305,34.0986,32.8686,5.85
-9999.0000,41.5303,37.1792,35.5297,34.0552,32.8844,5.95
-9999.0000,41.3760,37.3673,35.6341,34.1554,32.8959,6.05
-9999.0000,42.6178,37.3563,35.6818,34.1842,32.8938,6.15
-9999.0000,41.9269,37.3165,35.8505,34.1970,32.9262,6.25
-9999.0000,41.7002,37.5898,35.7913,34.2249,33.0024,6.35
-9999.0000,41.4873,37.4437,35.8371,34.3251,33.0061,6.45
-9999.0000,43.8662,37.4705,35.8780,34.2073,33.1248,6.55
-9999.0000,42.1491,37.4460,35.7863,34.2419,33.0594,6.65
-9999.0000,41.4905,37.4977,35.8122,34.2727,33.0906,6.75
-9999.0000,42.3139,37.7153,35.9190,34.3880,33.1158,6.85
-9999.0000,41.7113,37.7459,36.0045,34.3296,33.1779,6.95
-9999.0000,41.4262,37.6530,36.0421,34.4785,33.1730,7.05
-9999.0000,41.9779,37.8462,36.1286,34.4116,33.2005,7.15
-9999.0000,43.6201,37.7378,35.9043,34.3761,33.2970,7.25
-9999.0000,41.7942,37.8651,36.0726,34.3854,33.2767,7.35
-9999.0000,41.1677,37.8710,36.0247,34.3967,33.2591,7.45
-9999.0000,43.5641,38.0891,36.0369,34.4796,33.3201,7.55
-9999.0000,41.9462,38.0161,36.1947,34.5076,33.3754,7.65
-9999.0000,42.3722,37.9776,36.3244,34.5558,33.3264,7.75
-9999.0000,43.3148,38.0945,36.2383,34.5421,33.4277,7.85
-9999.0000,42.9391,38.0741,36.3808,34.5910,33.4095,7.95
-9999.0000,43.5901,38.3200,36.2542,34.5610,33.5009,8.05
-9999.0000,42.3313,38.2459,36.2631,34.5848,33.4880,8.15
-9999.0000,42.7032,38.4339,36.2796,34.5578,33.4911,8.25
-9999.0000,43.4673,38.2590,36.3168,34.6756,33.4601,8.35
-9999.0000,44.9320,38.1314,36.3623,34.7125,33.5496,8.45
-9999.0000,42.7370,38.5675,36.5027,34.7959,33.6074,8.55
-9999.0000,42.9008,38.7237,36.5077,34.8070,33.6508,8.65
-9999.0000,42.6270,38.5987,36.5289,34.7281,33.6352,8.75
-9999.0000,43.1227,38.7503,36.4838,34.8058,33.6714,8.85
-9999.0000,43.5346,38.6592,36.5444,34.7528,33.7119,8.95
