u,g,r,i,z,y,time
33.9790,32.4335,31.7162,30.6707,30.2646,30.1983,0.05
34.6614,32.6548,31.6693,30.5382,29.9682,29.7860,0.15
35.3653,33.0082,31.8550,30.5800,29.8613,29.5576,0.25
36.3483,33.6121,32.0444,30.6161,29.8696,29.5539,0.35
37.1150,34.0110,32.2648,30.7559,29.9260,29.5959,0.45
38.1191,34.5478,32.6724,31.0086,30.0275,29.7162,0.55
39.4897,35.1250,32.9177,31.1631,30.1158,29.7389,0.65
47.5542,35.5017,33.3503,31.4416,30.3736,29.8989,0.75
40.8166,35.9847,33.7407,31.6509,30.4966,30.0364,0.85
41.6686,36.5133,34.0175,31.8696,30.6432,30.1037,0.95
-9999.0000,36.7896,34.1981,32.1373,30.7257,30.1920,1.05
-9999.0000,38.2726,34.7253,32.3469,30.9252,30.3463,1.15
-9999.0000,37.7160,34.8347,32.5644,31.1162,30.5008,1.25
-9999.0000,37.8827,35.1791,32.8036,31.2640,30.5897,1.35
-9999.0000,38.7953,35.5863,33.0870,31.3836,30.6734,1.45
-9999.0000,39.3366,35.7561,33.2914,31.6241,30.8824,1.55
-9999.0000,39.1004,36.2678,33.5658,31.8212,30.9748,1.65
-9999.0000,39.2780,36.3859,33.7707,31.9135,31.0862,1.75
-9999.0000,38.9549,36.5544,34.0931,32.2576,31.2651,1.85
-9999.0000,40.0086,37.0604,34.2187,32.2583,31.3521,1.95
-9999.0000,41.4943,37.5445,34.3623,32.6236,31.5368,2.05
-9999.0000,-9999.0000,37.6110,34.4594,32.7366,31.6265,2.15
-9999.0000,-9999.0000,38.4132,34.9673,32.8164,31.7750,2.25
-9999.0000,41.5444,37.5070,34.7832,32.9352,31.8646,2.35
-9999.0000,-9999.0000,38.2688,34.8471,33.0566,31.9450,2.45
-9999.0000,-9999.0000,38.4294,35.3669,33.0547,32.0630,2.55
-9999.0000,-9999.0000,38.3866,35.2333,33.1943,32.0786,2.65
-9999.0000,40.4542,37.8383,35.1268,33.2076,32.1198,2.75
-9999.0000,41.3441,37.8546,35.3258,33.2653,32.2048,2.85
-9999.0000,-9999.0000,38.3778,35.2338,33.3731,32.1735,2.95
-9999.0000,42.5613,37.7411,35.2081,33.3775,32.2418,3.05
-9999.0000,-9999.0000,38.2437,35.0212,33.5262,32.3251,3.15
-9999.0000,40.5076,38.3685,35.2868,33.4614,32.3130,3.25
-9999.0000,41.0445,38.1090,35.4616,33.3242,32.2757,3.35
-9999.0000,-9999.0000,39.7043,35.3891,33.5072,32.3179,3.45
-9999.0000,-9999.0000,38.4189,35.4516,33.5608,32.3507,3.55
-9999.0000,-9999.0000,39.0841,35.3314,33.5326,32.4290,3.65
-9999.0000,-9999.0000,37.9324,35.4019,33.4231,32.4297,3.75
-9999.0000,-9999.0000,37.8065,35.5530,33.5595,32.4863,3.85
-9999.0000,40.7760,39.2018,35.7576,33.6214,32.3214,3.95
-9999.0000,40.7950,38.5469,35.3479,33.5478,32.4037,4.05
-9999.0000,-9999.0000,38.6451,35.3586,33.5480,32.4036,4.15
-9999.0000,39.9222,38.6112,35.3502,33.4600,32.4262,4.25
-9999.0000,-9999.0000,38.1944,35.2896,33.5307,32.3650,4.35
-9999.0000,-9999.0000,37.5204,35.4356,33.5809,32.2988,4.45
-9999.0000,-9999.0000,37.9881,35.4833,33.5701,32.4813,4.55
-9999.0000,43.4167,38.7592,35.3385,33.5749,32.3483,4.65
-9999.0000,-9999.0000,37.4339,35.3766,33.5696,32.4641,4.75
-9999.0000,-9999.0000,37.7753,35.2466,33.5618,32.3962,4.85
-9999.0000,40.7540,38.1159,35.3580,33.4509,32.4188,4.95
-9999.0000,40.8544,37.9797,35.1990,33.4921,32.4254,5.05
-9999.0000,-9999.0000,37.9346,35.3112,33.3809,32.5099,5.15
-9999.0000,-9999.0000,38.2279,35.4880,33.4160,32.3996,5.25
-9999.0000,-9999.0000,37.8535,35.2654,33.3798,32.4363,5.35
-9999.0000,-9999.0000,38.1901,35.2699,33.5639,32.3762,5.45
-9999.0000,-9999.0000,38.2791,35.2753,33.4748,32.3806,5.55
-9999.0000,-9999.0000,38.2168,35.3498,33.5066,32.3524,5.65
-9999.0000,-9999.0000,37.9869,35.3660,33.6160,32.3535,5.75
-9999.0000,-9999.0000,38.1234,35.1914,33.4051,32.2581,5.85
-9999.0000,47.1512,37.4608,35.0780,33.5001,32.2997,5.95
-9999.0000,-9999.0000,37.5605,35.3046,33.4125,32.2707,6.05
-9999.0000,-9999.0000,37.6314,34.9953,33.4210,32.3211,6.15
-9999.0000,-9999.0000,37.6859,35.2536,33.4755,32.3207,6.25
-9999.0000,-9999.0000,37.8073,35.0297,33.3894,32.3103,6.35
-9999.0000,41.4375,37.7832,35.1654,33.4349,32.3337,6.45
-9999.0000,-9999.0000,37.5728,35.0562,33.4831,32.3700,6.55
-9999.0000,-9999.0000,37.3873,35.1563,33.5754,32.3015,6.65
-9999.0000,-9999.0000,37.8357,35.2510,33.4394,32.2569,6.75
-9999.0000,-9999.0000,37.8851,35.2651,33.3035,32.3278,6.85
-9999.0000,-9999.0000,38.3475,34.9918,33.5253,32.2266,6.95
-9999.0000,-9999.0000,38.0421,35.1707,33.4668,32.3813,7.05
-9999.0000,-9999.0000,38.0736,35.2296,33.3923,32.3602,7.15
-9999.0000,41.2042,37.7100,35.2186,33.3743,32.3930,7.25
-9999.0000,-9999.0000,37.9154,35.0174,33.4498,32.3981,7.35
-9999.0000,-9999.0000,37.5878,35.0930,33.5903,32.2882,7.45
-9999.0000,-9999.0000,37.6488,35.0474,33.5300,32.3839,7.55
-9999.0000,-9999.0000,38.1039,35.2808,33.4299,32.4489,7.65
-9999.0000,-9999.0000,37.8038,35.3159,33.5304,32.4071,7.75
-9999.0000,-9999.0000,37.8051,35.3559,33.5343,32.4361,7.85
-9999.0000,41.2455,37.9069,35.2413,33.5707,32.4225,7.95
-9999.0000,-9999.0000,37.5367,35.3791,33.5642,32.4254,8.05
-9999.0000,-9999.0000,37.9333,35.2764,33.5236,32.4843,8.15
-9999.0000,-9999.0000,37.6946,35.1220,33.5982,32.4232,8.25
-9999.0000,-9999.0000,37.4455,35.2545,33.6591,32.4186,8.35
-9999.0000,-9999.0000,37.5971,35.0846,33.5555,32.4705,8.45
-9999.0000,-9999.0000,37.9417,35.2234,33.7080,32.4792,8.55
-9999.0000,-9999.0000,37.7658,35.1505,33.6718,32.5370,8.65
-9999.0000,-9999.0000,37.4792,35.2185,33.7509,32.4985,8.75
-9999.0000,-9999.0000,37.7048,35.1545,33.6948,32.5707,8.85
-9999.0000,-9999.0000,38.2285,35.2976,33.7926,32.6688,8.95
