u,g,r,i,z,y,time
29.2535,28.8725,28.9379,29.0473,29.2656,29.4162,0.05
28.6134,28.0732,27.8794,28.1332,28.2634,28.4598,0.15
28.3310,27.6097,27.3549,27.5681,27.6926,27.9999,0.25
28.1885,27.3782,27.0252,27.2103,27.4131,27.6026,0.35
28.1046,27.1660,26.7346,26.9420,27.1009,27.2999,0.45
28.0258,26.9835,26.5070,26.7212,26.8589,27.1164,0.55
28.2201,26.9893,26.4177,26.5420,26.6571,26.9608,0.65
28.1383,26.9059,26.3106,26.4087,26.5710,26.7453,0.75
28.1908,26.8839,26.1946,26.2910,26.4245,26.6249,0.85
28.2509,26.8878,26.1289,26.2172,26.3159,26.5254,0.95
28.3456,26.9004,26.0804,26.1488,26.2070,26.3793,1.05
28.3941,26.8800,26.0411,26.0793,26.1350,26.3017,1.15
28.4376,26.8821,25.9749,26.0049,26.0283,26.1956,1.25
28.4895,26.8655,25.9483,25.9625,25.9987,26.1572,1.35
28.6916,27.0052,25.9967,25.9696,26.0007,26.1019,1.45
28.8074,26.9802,25.9198,25.8490,25.8589,25.9930,1.55
28.7994,26.9851,25.9114,25.8547,25.8842,25.9929,1.65
29.1116,27.1531,25.9615,25.8448,25.8388,25.9013,1.75
29.0106,27.0429,25.8827,25.7471,25.7767,25.8348,1.85
29.3555,27.3071,26.0020,25.7818,25.8063,25.8561,1.95
29.2746,27.1847,25.9001,25.6835,25.6740,25.7804,2.05
29.6941,27.4663,26.0572,25.7352,25.7446,25.7751,2.15
29.4645,27.3152,25.9607,25.6360,25.6526,25.7370,2.25
29.8910,27.6193,26.1028,25.6686,25.6202,25.6681,2.35
29.8570,27.5269,26.0853,25.6734,25.6603,25.7049,2.45
30.0790,27.6335,26.1008,25.5785,25.5165,25.5797,2.55
30.3118,27.8192,26.2790,25.7031,25.6411,25.6858,2.65
30.1864,27.7069,26.1669,25.5952,25.5010,25.5911,2.75
30.5863,28.0483,26.3672,25.6443,25.4738,25.5259,2.85
30.5447,28.0610,26.4298,25.7180,25.5773,25.6331,2.95
30.4685,27.9598,26.3499,25.6209,25.4334,25.5125,3.05
30.9533,28.2999,26.5995,25.7427,25.4134,25.4731,3.15
30.9133,28.2702,26.6605,25.7991,25.5270,25.5664,3.25
30.7831,28.2702,26.5412,25.7099,25.3831,25.4680,3.35
30.9995,28.5808,26.8077,25.8344,25.3610,25.4164,3.45
31.3743,28.6763,26.9281,25.9779,25.4699,25.5270,3.55
31.2982,28.5463,26.8338,25.8918,25.3969,25.4413,3.65
31.2256,28.7104,26.9139,25.9066,25.3322,25.3866,3.75
31.7084,29.0192,27.2078,26.1383,25.3957,25.3998,3.85
31.6588,28.9634,27.1982,26.1538,25.4392,25.4627,3.95
31.5866,28.8501,27.0712,26.0941,25.3572,25.3977,4.05
32.0233,29.1258,27.2702,26.1458,25.3589,25.3443,4.15
32.1108,29.3996,27.5187,26.3972,25.4176,25.3816,4.25
32.2459,29.3534,27.5022,26.4309,25.4558,25.4348,4.35
32.1745,29.2930,27.4148,26.3469,25.4324,25.3435,4.45
32.4353,29.4988,27.4635,26.3649,25.4107,25.3216,4.55
32.4338,29.8044,27.7652,26.6044,25.4837,25.3599,4.65
32.7095,29.7979,27.8501,26.6703,25.5610,25.4243,4.75
32.6282,29.7700,27.7203,26.6256,25.5535,25.4026,4.85
32.5914,29.7599,27.7075,26.5628,25.5105,25.3476,4.95
32.7883,30.0168,27.9062,26.6955,25.5407,25.3716,5.05
33.1434,30.2544,28.1629,26.8910,25.6338,25.4549,5.15
33.1226,30.2908,28.1377,26.9503,25.7408,25.5111,5.25
33.0093,30.2114,28.0700,26.9112,25.7073,25.4895,5.35
33.1925,30.1834,28.0118,26.8129,25.6554,25.4237,5.45
33.9373,30.3927,28.1683,26.9566,25.7430,25.4539,5.55
33.3514,30.6138,28.4197,27.1629,25.8529,25.5678,5.65
33.4421,30.6446,28.4307,27.2399,25.9775,25.6706,5.75
33.5118,30.6089,28.4350,27.2135,25.9990,25.6578,5.85
33.4930,30.5652,28.3635,27.1502,25.9631,25.6315,5.95
33.6679,30.5163,28.3445,27.1618,25.9762,25.6291,6.05
34.4550,30.8360,28.5478,27.3134,26.1285,25.6497,6.15
33.5324,30.9923,28.6338,27.5130,26.3443,25.7822,6.25
34.2039,30.9753,28.6731,27.5390,26.4752,25.8669,6.35
33.9980,30.8778,28.6327,27.5594,26.4924,25.8907,6.45
34.0249,30.8098,28.5831,27.5030,26.4592,25.8633,6.55
33.7886,30.9090,28.5982,27.4868,26.4636,25.8568,6.65
34.3433,31.0546,28.7474,27.6365,26.7217,25.8789,6.75
34.6767,31.2879,28.8663,27.8768,26.9820,25.9595,6.85
34.8569,31.2923,29.0074,27.9612,27.1108,26.0716,6.95
34.5278,31.2357,28.8952,27.9315,27.1877,26.1652,7.05
35.1312,31.3828,28.9063,27.9172,27.1733,26.1146,7.15
34.8004,31.2658,28.9130,27.9080,27.1571,26.1305,7.25
35.1730,31.4495,28.9380,27.8987,27.1617,26.0962,7.35
35.0430,31.6564,29.1181,28.1667,27.4576,26.1726,7.45
35.4186,31.7624,29.2413,28.3231,27.7257,26.2757,7.55
36.2651,31.9608,29.3606,28.4437,27.8764,26.3787,7.65
35.0081,31.9694,29.3178,28.4663,27.8872,26.4179,7.75
36.4406,31.9035,29.3159,28.4857,27.9364,26.4261,7.85
36.2066,32.0759,29.3147,28.4101,27.8553,26.4250,7.95
37.2762,32.0027,29.3056,28.4551,27.8260,26.4086,8.05
35.6839,32.2004,29.4812,28.5530,27.9245,26.4383,8.15
35.7252,32.3574,29.6601,28.7590,28.2163,26.6009,8.25
37.4270,32.6176,29.8663,28.9991,28.3761,26.7501,8.35
35.7250,32.9908,29.8657,29.0435,28.5030,26.9068,8.45
36.0512,32.8347,29.9327,29.0691,28.4936,26.9624,8.55
36.6791,32.9795,30.0226,29.0754,28.4688,26.9791,8.65
37.1800,32.8823,29.9847,29.0682,28.4658,26.9734,8.75
37.7824,32.7752,29.9466,29.0456,28.4318,26.9688,8.85
39.3181,32.7790,30.0162,29.1372,28.5145,26.9807,8.95
