u,g,r,i,z,y,time
29.9811,27.3753,25.8963,25.3346,25.2541,25.3612,0.05
30.6424,27.7718,26.1500,25.2029,24.8761,24.9402,0.15
31.1934,28.2869,26.6694,25.4706,24.9221,24.8069,0.25
31.7016,28.7961,27.0602,25.8939,25.1901,24.9034,0.35
32.2085,29.2706,27.3965,26.2510,25.4927,25.1379,0.45
32.4328,29.6713,27.6779,26.5411,25.7443,25.3754,0.55
32.8379,29.9813,27.9475,26.7717,25.9554,25.5755,0.65
33.2521,30.2436,28.1283,26.9848,26.1558,25.7363,0.75
33.5750,30.3973,28.3016,27.1601,26.3527,25.8973,0.85
33.7041,30.5968,28.4941,27.3294,26.5211,26.0605,0.95
34.1819,30.7903,28.6034,27.4595,26.6834,26.2246,1.05
34.4408,30.9268,28.7793,27.5833,26.8388,26.3936,1.15
34.2758,31.0919,28.8858,27.7077,26.9894,26.5270,1.25
34.8483,31.2867,29.0473,27.8264,27.1210,26.6841,1.35
34.7920,31.3960,29.1593,27.9197,27.2371,26.8238,1.45
35.7097,31.4715,29.2448,28.0367,27.3470,26.9603,1.55
35.4590,31.5812,29.3903,28.1196,27.4661,27.0783,1.65
35.6761,31.7409,29.5087,28.2323,27.5783,27.2084,1.75
35.5697,31.8261,29.6056,28.3234,27.6774,27.3175,1.85
35.5837,31.9213,29.6915,28.4006,27.7664,27.4261,1.95
36.1370,32.1124,29.8006,28.4855,27.8609,27.5274,2.05
36.3607,32.2368,29.9160,28.5916,27.9668,27.6227,2.15
36.4033,32.3216,30.0282,28.7042,28.0274,27.7123,2.25
36.5576,32.4236,30.1134,28.7910,28.1349,27.7918,2.35
36.3155,32.6181,30.2281,28.8671,28.2223,27.8938,2.45
36.7504,32.6175,30.3078,28.9652,28.2866,27.9638,2.55
36.4501,32.7797,30.3823,29.0275,28.3784,28.0611,2.65
36.9336,32.8264,30.5014,29.1500,28.4547,28.1365,2.75
36.9220,32.9311,30.5783,29.2373,28.5337,28.2165,2.85
37.0570,33.0422,30.7382,29.3353,28.6075,28.3069,2.95
37.7723,33.0776,30.7635,29.4175,28.6954,28.3756,3.05
37.7228,33.1658,30.8822,29.5078,28.7747,28.4410,3.15
38.2082,33.3203,30.9749,29.5936,28.8541,28.5113,3.25
38.6704,33.3782,31.0889,29.7014,28.9255,28.5856,3.35
38.1681,33.3766,31.1822,29.7598,29.0358,28.6443,3.45
39.7339,33.4772,31.2947,29.8548,29.1115,28.7581,3.55
38.1445,33.5059,31.3732,29.9953,29.2033,28.8107,3.65
39.3265,33.7123,31.4583,30.0340,29.2711,28.8811,3.75
39.9298,33.7524,31.4706,30.1330,29.3763,28.9578,3.85
-9999.0000,33.7236,31.5912,30.2706,29.4391,29.0265,3.95
40.7979,33.7344,31.6243,30.3051,29.5166,29.1436,4.05
-9999.0000,33.8476,31.7016,30.4341,29.5885,29.2022,4.15
40.3824,33.9071,31.7468,30.5331,29.6899,29.2554,4.25
42.4147,34.0842,31.8650,30.5884,29.7900,29.3651,4.35
-9999.0000,34.0492,32.0077,30.7297,29.8485,29.4188,4.45
41.4883,34.0914,32.0230,30.7755,29.9654,29.4758,4.55
39.6533,34.1310,32.0502,30.8022,30.0117,29.5631,4.65
40.7709,34.1736,32.1136,30.9114,30.1136,29.6958,4.75
46.9017,34.1279,32.2307,31.0480,30.2014,29.7434,4.85
44.0778,34.1279,32.2107,31.0653,30.2778,29.8069,4.95
40.7052,34.3598,32.3027,31.1451,30.3399,29.8944,5.05
40.9549,34.3233,32.3090,31.2274,30.4428,29.9580,5.15
41.2954,34.3350,32.3926,31.3360,30.4725,30.0385,5.25
39.7390,34.4369,32.4531,31.3958,30.5848,30.1287,5.35
40.0781,34.4146,32.4411,31.4792,30.6618,30.2071,5.45
41.6537,34.3681,32.5030,31.5703,30.8075,30.2716,5.55
-9999.0000,34.4370,32.6070,31.5546,30.8604,30.3832,5.65
43.5664,34.5262,32.5809,31.6572,30.9376,30.4663,5.75
47.3647,34.5351,32.7019,31.6708,31.0211,30.5133,5.85
41.6101,34.4746,32.6865,31.7692,31.0643,30.5989,5.95
-9999.0000,34.6371,32.7581,31.8371,31.1818,30.6862,6.05
-9999.0000,34.6383,32.8054,31.9035,31.2225,30.7155,6.15
-9999.0000,34.7525,32.8516,31.9290,31.2952,30.8209,6.25
40.5169,34.6441,32.8974,31.9623,31.4036,30.8901,6.35
-9999.0000,34.8053,33.0519,32.0571,31.4717,30.9470,6.45
-9999.0000,34.7209,33.0660,32.1107,31.4900,31.0736,6.55
41.0539,34.8558,33.1019,32.1950,31.5973,31.1754,6.65
41.9677,34.7805,33.0847,32.1415,31.6773,31.1617,6.75
-9999.0000,34.8344,33.1093,32.2639,31.7173,31.2460,6.85
-9999.0000,34.8062,33.2837,32.3841,31.8402,31.3924,6.95
42.2080,34.7814,33.3094,32.3985,31.8048,31.4206,7.05
41.5813,34.7731,33.2919,32.5397,32.0052,31.5375,7.15
41.5677,34.7314,33.3323,32.4704,32.0087,31.6232,7.25
-9999.0000,34.8116,33.4032,32.5418,32.0532,31.6233,7.35
-9999.0000,34.7406,33.3613,32.6177,32.0376,31.7499,7.45
-9999.0000,34.7915,33.5005,32.7125,32.1819,31.8002,7.55
-9999.0000,34.9026,33.5658,32.7318,32.1851,31.8605,7.65
-9999.0000,35.0435,33.5910,32.8195,32.2394,31.9309,7.75
-9999.0000,35.1417,33.6125,32.7944,32.3473,31.9604,7.85
-9999.0000,35.1084,33.5535,32.9831,32.3289,32.0175,7.95
-9999.0000,35.1748,33.5577,32.9762,32.4694,32.0993,8.05
-9999.0000,35.2500,33.5550,32.9472,32.5857,32.1580,8.15
-9999.0000,35.2434,33.6646,33.0078,32.6550,32.2129,8.25
-9999.0000,35.3086,33.7416,33.0486,32.7257,32.3176,8.35
-9999.0000,35.4273,33.8696,33.0982,32.8282,32.3205,8.45
-9999.0000,35.4239,33.7607,33.0993,32.8937,32.4565,8.55
-9999.0000,35.4222,33.8438,33.1770,32.8084,32.4476,8.65
-9999.0000,35.6005,33.9018,33.2572,33.0235,32.6640,8.75
-9999.0000,35.7470,33.9447,33.3227,33.1216,32.6739,8.85
-9999.0000,35.8901,34.0265,33.3005,33.2376,32.8006,8.95
