u,g,r,i,z,y,time
31.8557,30.5807,29.4390,28.7424,28.4338,28.1525,0.05
36.2105,32.6736,30.7005,29.7561,29.1413,28.5382,0.15
-9999.0000,34.5301,31.5848,30.3933,29.4335,28.7730,0.25
-9999.0000,35.0803,32.8098,30.8404,29.7009,28.8906,0.35
-9999.0000,37.7045,32.9876,30.9362,29.7656,29.0343,0.45
-9999.0000,-9999.0000,32.9411,30.9143,29.9736,28.9024,0.55
-9999.0000,36.0826,33.4708,31.4636,30.0620,29.0014,0.65
-9999.0000,-9999.0000,33.2050,31.2227,30.0168,28.8840,0.75
-9999.0000,-9999.0000,33.9014,31.5408,30.0995,28.8317,0.85
-9999.0000,36.5842,34.0804,31.5516,30.0097,28.9943,0.95
-9999.0000,35.7338,34.1067,31.8193,30.1213,28.9352,1.05
-9999.0000,35.3203,33.6249,31.3330,30.3235,28.9766,1.15
-9999.0000,38.3762,34.1866,31.6449,30.4397,28.9355,1.25
-9999.0000,34.8806,34.0047,31.6573,30.1404,28.9973,1.35
-9999.0000,-9999.0000,34.5311,31.9020,30.3247,28.9223,1.45
-9999.0000,-9999.0000,34.7627,31.6333,30.4019,29.0865,1.55
-9999.0000,35.7557,33.8514,31.7724,30.3224,28.9928,1.65
-9999.0000,39.5071,33.7142,31.9510,30.3621,29.1441,1.75
-9999.0000,36.5068,33.5675,31.7293,30.6781,29.1802,1.85
-9999.0000,-9999.0000,34.5725,31.6556,30.6034,29.2227,1.95
-9999.0000,-9999.0000,33.7492,31.6143,30.3054,29.2228,2.05
-9999.0000,-9999.0000,34.4715,31.7250,30.5388,29.2762,2.15
-9999.0000,-9999.0000,33.6816,31.6673,30.5752,29.2102,2.25
-9999.0000,36.6088,33.9598,31.8147,30.6415,29.3190,2.35
-9999.0000,36.6647,34.5181,31.8861,30.4943,29.2540,2.45
-9999.0000,36.3758,34.0806,31.8960,30.7697,29.2704,2.55
-9999.0000,-9999.0000,34.4005,31.7536,30.7601,29.3821,2.65
-9999.0000,38.6617,34.9666,31.9528,30.4166,29.3679,2.75
-9999.0000,-9999.0000,34.6763,31.8640,30.8078,29.3475,2.85
-9999.0000,35.8023,34.4852,32.1088,30.9144,29.3916,2.95
-9999.0000,36.8272,33.7729,31.7133,30.7361,29.4664,3.05
-9999.0000,36.6210,34.6199,32.0642,30.6952,29.3780,3.15
-9999.0000,41.5706,34.3978,32.3036,30.5780,29.4826,3.25
-9999.0000,48.8630,34.3813,31.7215,30.8334,29.6201,3.35
-9999.0000,-9999.0000,33.8201,31.9821,30.7451,29.5420,3.45
-9999.0000,36.3836,34.1120,32.2957,30.9022,29.6144,3.55
-9999.0000,36.8837,33.8741,32.2051,30.6168,29.4020,3.65
-9999.0000,-9999.0000,34.8202,32.0253,30.8596,29.5008,3.75
-9999.0000,-9999.0000,34.1768,32.1002,30.7906,29.6990,3.85
-9999.0000,37.0457,34.6122,32.2529,30.7793,29.7633,3.95
-9999.0000,37.1430,34.7975,32.4519,30.8383,29.6713,4.05
-9999.0000,-9999.0000,34.4107,32.7357,30.8795,29.6980,4.15
-9999.0000,37.0259,34.2149,32.7583,30.8538,29.7579,4.25
-9999.0000,36.9115,34.5066,32.7281,30.8974,29.6988,4.35
-9999.0000,35.8583,34.8696,32.5183,30.8218,29.6854,4.45
-9999.0000,36.5399,34.5044,32.2797,30.8846,29.7567,4.55
-9999.0000,-9999.0000,34.1321,32.5877,30.9770,29.6490,4.65
-9999.0000,36.8046,34.2767,32.4353,30.8252,29.7520,4.75
-9999.0000,-9999.0000,34.6537,32.3894,30.9521,29.7686,4.85
-9999.0000,-9999.0000,34.2870,32.4312,30.9436,29.9209,4.95
-9999.0000,-9999.0000,34.7217,32.6526,30.7922,29.8507,5.05
-9999.0000,-9999.0000,34.0562,32.4647,30.8272,29.8343,5.15
-9999.0000,-9999.0000,34.3904,32.5425,30.9015,29.8250,5.25
-9999.0000,-9999.0000,34.7102,32.4460,31.1663,30.0370,5.35
-9999.0000,-9999.0000,34.3223,32.2088,30.9704,29.9478,5.45
-9999.0000,36.0513,35.1115,32.6217,31.0557,29.9202,5.55
-9999.0000,-9999.0000,35.5069,32.6772,31.0486,30.0185,5.65
-9999.0000,-9999.0000,34.4761,32.4435,30.9978,30.0110,5.75
-9999.0000,36.6034,34.5427,32.4883,30.8376,29.9988,5.85
-9999.0000,-9999.0000,34.1674,32.5224,30.9108,30.0329,5.95
-9999.0000,37.6110,34.4305,32.6144,31.2817,29.9342,6.05
-9999.0000,37.7796,34.1227,32.8198,31.1347,30.0275,6.15
-9999.0000,-9999.0000,35.0979,32.3036,30.9838,30.0529,6.25
-9999.0000,37.3640,34.5265,32.6141,31.1268,29.9213,6.35
-9999.0000,-9999.0000,34.9292,32.7257,31.0657,30.0976,6.45
-9999.0000,-9999.0000,35.4724,32.4911,31.2565,30.2463,6.55
-9999.0000,-9999.0000,34.6836,32.4744,30.9680,30.0389,6.65
-9999.0000,37.5414,34.3280,32.6853,30.9839,29.9742,6.75
-9999.0000,-9999.0000,34.4439,32.3976,30.8959,30.0218,6.85
-9999.0000,-9999.0000,34.5635,32.5170,31.0517,30.2370,6.95
-9999.0000,-9999.0000,34.3009,32.8327,31.1592,30.0374,7.05
-9999.0000,37.6139,35.2354,33.0719,31.0810,30.1167,7.15
-9999.0000,38.5628,34.2682,32.6551,30.8118,30.0049,7.25
-9999.0000,36.8389,34.4698,32.6405,31.1191,30.1910,7.35
-9999.0000,-9999.0000,35.0976,32.8357,30.9907,30.1375,7.45
-9999.0000,39.9405,34.0968,32.7132,31.0727,30.1248,7.55
-9999.0000,37.6573,34.8442,33.0754,31.2494,30.2263,7.65
-9999.0000,37.7593,34.7892,32.7969,30.9524,30.1665,7.75
-9999.0000,-9999.0000,34.9886,32.8882,31.1583,30.1808,7.85
-9999.0000,38.9096,35.3394,32.7425,31.1793,30.0494,7.95
-9999.0000,-9999.0000,35.4901,32.9143,31.0978,30.0987,8.05
-9999.0000,37.0240,34.8741,33.1081,31.0817,30.1761,8.15
-9999.0000,38.6468,34.3559,32.7014,31.2780,30.0975,8.25
-9999.0000,42.1547,34.3988,32.6194,31.1742,30.2048,8.35
-9999.0000,38.0413,34.5858,32.5601,31.2646,30.1001,8.45
-9999.0000,37.3077,34.3107,32.7909,31.1767,30.2291,8.55
-9999.0000,38.4394,34.5404,32.6714,31.4226,30.2231,8.65
-9999.0000,40.8055,35.0015,32.9536,31.1329,30.2011,8.75
-9999.0000,37.9093,34.4305,32.8764,31.2556,30.1637,8.85
-9999.0000,38.1204,35.0167,32.7554,31.3538,30.2718,8.95
