u,g,r,i,z,y,time
28.3613,28.0554,27.9549,27.9387,27.9176,28.0493,0.05
29.0282,28.3306,27.7756,27.4306,27.4236,27.3436,0.15
29.4842,28.5732,27.7569,27.2401,27.2176,27.1059,0.25
29.6411,28.6862,27.8451,27.1766,27.0776,26.9309,0.35
29.8435,28.6338,27.8457,27.0444,26.7382,26.6846,0.45
30.2393,28.7864,28.0120,27.0189,26.7132,26.5635,0.55
30.2634,28.9869,28.2165,27.2296,26.7542,26.5116,0.65
30.4034,29.0099,28.1306,27.0541,26.6290,26.3704,0.75
30.6063,29.0501,28.2264,27.1650,26.6176,26.2584,0.85
30.6635,29.0542,28.1148,27.0729,26.5800,26.1801,0.95
31.4389,29.2976,28.2697,27.0896,26.5516,26.1711,1.05
30.7902,29.2111,28.2114,27.0679,26.4795,26.1035,1.15
31.3814,29.2825,28.1718,27.0941,26.4728,26.1275,1.25
31.7881,29.4049,28.1200,27.0443,26.3694,25.9668,1.35
31.6643,29.6831,28.3634,27.1628,26.4671,25.9679,1.45
31.8468,29.5224,28.3824,27.1640,26.4568,25.9696,1.55
32.2101,29.6054,28.2863,27.0032,26.3285,25.7576,1.65
32.1734,30.1353,28.5477,27.2919,26.5403,25.9741,1.75
32.2281,29.8203,28.4318,27.1760,26.2918,25.8170,1.85
33.3405,30.3704,28.7890,27.3133,26.5102,25.9591,1.95
33.0012,30.4473,28.5531,27.2415,26.3202,25.7579,2.05
34.5986,30.8245,28.9411,27.3236,26.5510,26.0400,2.15
33.9048,30.6929,28.6973,27.1328,26.2932,25.6312,2.25
35.8813,30.9057,28.9840,27.6095,26.7363,26.0330,2.35
33.6511,30.8506,28.7445,27.2371,26.3256,25.7228,2.45
33.8241,31.1372,29.0970,27.4855,26.5059,25.8735,2.55
34.0936,31.0939,29.2746,27.5701,26.5852,25.8816,2.65
34.9379,31.2273,28.9013,27.2407,26.3041,25.7074,2.75
37.1396,31.3729,29.4540,27.6488,26.7113,26.0535,2.85
-9999.0000,31.5598,29.3041,27.5198,26.5678,25.8826,2.95
34.4280,31.2068,29.2474,27.3464,26.3748,25.6279,3.05
37.0886,31.9032,29.6178,27.8113,26.8655,26.1456,3.15
37.4643,32.1491,29.5022,27.5549,26.6073,25.9509,3.25
36.8748,31.7264,29.1860,27.3939,26.3668,25.7674,3.35
-9999.0000,32.2096,29.6455,27.8746,26.8821,26.2164,3.45
-9999.0000,32.8186,29.7361,27.8309,26.8371,26.1179,3.55
35.8324,31.7574,29.5646,27.5365,26.6088,25.8203,3.65
-9999.0000,32.2869,29.6066,27.6759,26.7191,26.0073,3.75
-9999.0000,32.8155,29.9169,28.1178,26.9879,26.3559,3.85
36.0724,32.6564,29.8716,27.9271,26.9664,26.1447,3.95
-9999.0000,32.5220,29.7278,27.7432,26.6770,25.8883,4.05
-9999.0000,32.3439,30.0505,27.9772,26.8858,26.1134,4.15
36.8133,33.0926,30.2152,28.2485,27.1644,26.4123,4.25
-9999.0000,33.0778,30.1155,28.2201,27.0552,26.3044,4.35
-9999.0000,32.9068,29.8093,28.0864,26.9245,26.0351,4.45
35.6268,32.9385,30.0162,28.0894,26.9477,26.1321,4.55
37.8052,33.2519,30.4629,28.4254,27.2923,26.4953,4.65
36.1550,34.2990,30.4224,28.4323,27.3179,26.4847,4.75
-9999.0000,33.2323,30.3331,28.3626,27.1890,26.3060,4.85
-9999.0000,33.0298,30.2278,28.2705,26.9840,26.1878,4.95
-9999.0000,33.4797,30.3546,28.3350,27.2701,26.3804,5.05
34.7978,34.0074,30.7204,28.6315,27.4579,26.6400,5.15
-9999.0000,34.5767,30.7708,28.5629,27.5123,26.4981,5.25
-9999.0000,34.1453,30.6084,28.5893,27.3357,26.3624,5.35
-9999.0000,33.8538,30.6237,28.3883,27.1142,26.3033,5.45
35.8015,33.7125,31.0343,28.6031,27.4698,26.4688,5.55
-9999.0000,35.7570,31.0984,28.9817,27.5398,26.7300,5.65
-9999.0000,35.7068,31.0148,29.0431,27.6664,26.7649,5.75
-9999.0000,33.9801,31.3514,28.9707,27.5254,26.6119,5.85
-9999.0000,34.3061,31.0579,28.8175,27.5149,26.5256,5.95
-9999.0000,33.7058,30.9911,28.7605,27.3983,26.4873,6.05
-9999.0000,34.5865,31.4588,29.1470,27.7388,26.7175,6.15
-9999.0000,35.4405,31.6714,29.3636,27.8772,26.8866,6.25
-9999.0000,34.9194,31.5662,29.3525,27.9397,26.9073,6.35
-9999.0000,34.6003,31.4886,29.2598,27.8904,26.8160,6.45
-9999.0000,34.1987,31.5561,29.1454,27.8134,26.7152,6.55
-9999.0000,35.3964,31.5604,29.1368,27.7957,26.5839,6.65
-9999.0000,35.8150,32.0576,29.4484,27.9576,26.7894,6.75
-9999.0000,35.3256,31.7784,29.5218,28.0269,26.9908,6.85
-9999.0000,35.1835,31.9007,29.6419,28.1875,27.0453,6.95
-9999.0000,37.5177,32.0824,29.6800,28.1244,27.0759,7.05
-9999.0000,35.4652,32.6705,29.7001,28.0542,26.9428,7.15
-9999.0000,37.0528,31.9267,29.4728,28.1168,26.8407,7.25
-9999.0000,42.6397,31.5290,29.3974,27.9846,26.8513,7.35
-9999.0000,35.0731,31.9649,29.8261,28.2611,26.9606,7.45
-9999.0000,37.5351,32.1340,29.9161,28.3684,27.1977,7.55
-9999.0000,36.3453,31.7884,29.7863,28.5092,27.2229,7.65
-9999.0000,36.9656,32.7348,29.8633,28.4808,27.2573,7.75
36.2752,37.8765,33.1199,30.0253,28.4409,27.1861,7.85
-9999.0000,36.1486,32.0564,30.0552,28.3780,27.2086,7.95
-9999.0000,35.2151,32.6981,30.1340,28.4721,27.1011,8.05
-9999.0000,38.3646,32.4949,30.1133,28.5420,27.1137,8.15
-9999.0000,35.5814,32.9319,30.1629,28.7093,27.3200,8.25
-9999.0000,36.1144,33.2829,30.4638,28.7099,27.4622,8.35
-9999.0000,-9999.0000,32.4343,30.4210,28.8632,27.5122,8.45
-9999.0000,-9999.0000,33.6098,30.5402,28.9228,27.5918,8.55
-9999.0000,35.4474,33.1327,30.2870,28.8331,27.5485,8.65
-9999.0000,35.0990,33.6488,30.5354,28.8122,27.5198,8.75
-9999.0000,35.6009,32.9307,30.4809,28.8399,27.4742,8.85
-9999.0000,37.1940,33.2060,30.5168,28.6997,27.3014,8.95
