u,g,r,i,z,y,time
28.2115,27.5622,27.0147,26.6116,26.4431,26.1888,0.05
29.4806,28.2763,27.1428,26.6189,26.3595,26.1010,0.15
30.4955,28.6216,27.5648,26.6187,26.1644,26.0440,0.25
31.2295,29.4897,27.7754,26.9638,26.3461,25.9808,0.35
33.1605,29.8563,28.1461,27.1070,26.4409,25.9634,0.45
33.9567,30.5599,28.5671,27.2040,26.4770,25.9572,0.55
32.5994,30.9257,28.8201,27.3751,26.5578,26.0248,0.65
33.3344,31.4591,28.9032,27.5256,26.6567,26.0271,0.75
36.3241,31.5800,29.3431,27.6583,26.7304,25.9823,0.85
34.8641,32.0536,29.4407,27.8724,26.7883,26.0255,0.95
36.0820,32.2211,29.7630,27.8959,26.8179,25.9965,1.05
-9999.0000,33.3111,29.6284,27.9453,26.8278,25.8724,1.15
35.9686,33.8868,29.9749,28.1465,26.7086,25.8780,1.25
-9999.0000,34.8060,30.3485,28.0711,26.7227,25.8930,1.35
-9999.0000,32.8472,30.3209,28.3339,26.8993,25.8537,1.45
-9999.0000,33.0303,30.0847,28.4048,26.8160,25.8144,1.55
-9999.0000,33.5178,30.4849,28.3610,26.9519,25.8518,1.65
-9999.0000,35.7349,30.4953,28.3853,26.7804,25.7891,1.75
-9999.0000,35.1390,30.6537,28.3760,26.8185,25.8348,1.85
-9999.0000,35.1611,30.4207,28.5539,26.9580,25.7732,1.95
-9999.0000,34.5029,30.9558,28.4444,26.8921,25.7887,2.05
-9999.0000,35.9827,30.6385,28.7693,26.8164,25.7103,2.15
-9999.0000,34.5688,30.3951,28.6967,26.9123,25.7527,2.25
-9999.0000,34.3148,30.9197,28.7332,26.9518,25.7844,2.35
-9999.0000,-9999.0000,31.1948,28.6103,26.9074,25.7280,2.45
-9999.0000,35.1215,30.7930,28.6012,26.9667,25.7850,2.55
-9999.0000,34.7187,31.3393,28.8102,26.9025,25.7093,2.65
-9999.0000,34.2751,31.3545,28.8851,27.0054,25.7084,2.75
-9999.0000,34.3573,31.1254,28.9194,26.9287,25.7309,2.85
-9999.0000,35.3648,30.7756,28.8107,27.0427,25.7141,2.95
-9999.0000,41.9103,31.3989,28.8303,27.0748,25.7506,3.05
-9999.0000,35.1310,31.3038,28.9197,27.1699,25.7179,3.15
-9999.0000,-9999.0000,31.0603,29.0976,27.0602,25.7809,3.25
-9999.0000,41.8101,31.4146,29.0976,27.2061,25.7614,3.35
-9999.0000,34.8669,31.6481,29.0350,27.1347,25.8141,3.45
-9999.0000,35.6171,31.5183,29.1235,27.1553,25.8209,3.55
-9999.0000,33.8261,31.4996,28.8763,27.2517,25.8131,3.65
-9999.0000,36.3805,31.3880,29.4036,27.4055,25.8550,3.75
-9999.0000,34.1585,31.5997,29.1638,27.3518,25.9373,3.85
-9999.0000,35.0173,31.7761,29.2742,27.2100,25.8709,3.95
-9999.0000,34.1210,31.7662,29.2552,27.3164,25.8803,4.05
-9999.0000,34.8460,31.7660,29.0691,27.3416,25.9667,4.15
-9999.0000,34.7475,31.4876,29.1283,27.3831,25.9361,4.25
-9999.0000,34.8546,31.6082,29.4643,27.3525,26.0023,4.35
-9999.0000,40.0139,31.5884,29.3415,27.4413,25.9651,4.45
-9999.0000,35.7909,31.7600,29.2956,27.4887,25.9970,4.55
-9999.0000,34.8085,31.5310,29.1811,27.4447,26.0810,4.65
-9999.0000,34.7600,31.7996,29.2421,27.5649,26.1066,4.75
-9999.0000,-9999.0000,31.4445,29.1858,27.5837,26.0437,4.85
-9999.0000,42.7094,31.7640,29.1764,27.4885,26.0633,4.95
-9999.0000,-9999.0000,31.4425,29.3565,27.5553,26.0560,5.05
-9999.0000,36.9155,31.9313,29.3091,27.6534,26.1178,5.15
-9999.0000,36.1586,32.3982,29.4323,27.5531,26.1580,5.25
-9999.0000,34.3605,31.5250,29.1511,27.5922,26.1115,5.35
-9999.0000,36.9683,31.9217,29.2667,27.6052,26.1200,5.45
-9999.0000,-9999.0000,31.6188,29.3838,27.6809,26.1748,5.55
-9999.0000,35.3593,31.9607,29.2658,27.8260,26.2240,5.65
-9999.0000,-9999.0000,32.1250,29.3228,27.7031,26.2292,5.75
-9999.0000,-9999.0000,31.5715,29.4113,27.6307,26.2322,5.85
-9999.0000,36.1763,31.6338,29.3507,27.7003,26.3139,5.95
-9999.0000,36.1967,31.3806,29.3374,27.6679,26.3017,6.05
-9999.0000,-9999.0000,31.6581,29.6638,27.7657,26.2342,6.15
-9999.0000,35.2231,32.0104,29.2303,27.7432,26.3381,6.25
-9999.0000,-9999.0000,31.3901,29.4894,27.7463,26.3153,6.35
-9999.0000,35.7315,31.6626,29.2374,27.7317,26.4096,6.45
-9999.0000,34.0224,31.7945,29.3228,27.8346,26.4068,6.55
-9999.0000,-9999.0000,31.8094,29.1727,27.7370,26.3081,6.65
-9999.0000,35.5998,31.8796,29.3119,27.7900,26.3007,6.75
-9999.0000,35.8858,31.9953,29.2930,27.7607,26.3456,6.85
-9999.0000,34.6982,31.6644,29.5343,27.8330,26.4726,6.95
-9999.0000,34.3684,31.6827,29.3723,27.9122,26.4548,7.05
-9999.0000,36.5556,31.7416,29.4082,27.9331,26.5054,7.15
-9999.0000,-9999.0000,32.1428,29.4646,27.9492,26.5258,7.25
-9999.0000,-9999.0000,32.0470,29.2194,27.9241,26.4382,7.35
-9999.0000,36.8331,31.6038,29.2492,27.7860,26.4667,7.45
-9999.0000,36.2126,31.9878,29.4426,27.9419,26.5146,7.55
-9999.0000,34.6671,31.4578,29.4303,28.0284,26.5510,7.65
-9999.0000,34.9173,31.8729,29.5829,27.9735,26.5917,7.75
-9999.0000,35.3185,31.9334,29.6415,27.9610,26.7085,7.85
-9999.0000,34.5630,31.9019,29.5221,27.9553,26.6363,7.95
-9999.0000,39.1756,31.9018,29.4037,28.0713,26.6676,8.05
-9999.0000,-9999.0000,31.9636,29.4476,27.8891,26.5927,8.15
-9999.0000,35.5211,31.9557,29.4147,27.9771,26.6340,8.25
-9999.0000,34.7661,32.4150,29.4935,27.9654,26.5929,8.35
-9999.0000,35.8682,31.9500,29.3369,27.9786,26.6238,8.45
-9999.0000,34.7631,31.7898,29.2608,28.0318,26.7579,8.55
-9999.0000,34.9160,32.4728,29.4987,28.0587,26.7381,8.65
-9999.0000,35.3466,32.1214,29.4998,28.1565,26.7605,8.75
-9999.0000,34.9872,32.2622,29.4286,28.0757,26.8257,8.85
-9999.0000,34.4505,31.8554,29.3112,28.0395,26.7973,8.95
