u,g,r,i,z,y,time
25.5061,23.7973,22.9853,22.8728,23.0035,23.2232,0.05
25.9699,23.9926,22.6592,22.3791,22.4432,22.6149,0.15
26.3491,24.2164,22.6094,22.1034,22.1330,22.2872,0.25
26.6981,24.4218,22.7022,21.9654,21.9341,22.0595,0.35
27.1142,24.5937,22.8800,21.9303,21.7908,21.9058,0.45
27.3778,24.7721,23.0694,21.9696,21.7305,21.8000,0.55
27.5691,24.9261,23.2879,22.0950,21.7113,21.7651,0.65
27.8679,25.0963,23.4654,22.2318,21.7560,21.7568,0.75
28.1087,25.2830,23.6442,22.4091,21.8521,21.7637,0.85
28.2714,25.4841,23.7874,22.5629,21.9873,21.8126,0.95
28.3964,25.6399,23.9169,22.6982,22.1295,21.8679,1.05
28.6011,25.7676,24.0708,22.8028,22.2552,21.9234,1.15
28.6466,25.9634,24.1573,22.9070,22.3379,21.9850,1.25
28.8211,26.0849,24.2610,23.0090,22.4399,22.0780,1.35
28.9647,26.1584,24.3725,23.1040,22.5154,22.1451,1.45
29.0419,26.3129,24.4562,23.1913,22.5894,22.2306,1.55
29.2371,26.4345,24.5451,23.2674,22.6548,22.3150,1.65
29.0723,26.5029,24.6499,23.3564,22.7243,22.3908,1.75
29.2502,26.6264,24.6884,23.4549,22.7855,22.4462,1.85
29.7433,26.7057,24.7848,23.5346,22.8664,22.5091,1.95
29.7106,26.7484,24.8549,23.6055,22.9345,22.5762,2.05
29.6920,26.9296,24.8894,23.6730,22.9841,22.6504,2.15
29.9648,26.9747,24.9704,23.7773,23.0711,22.7158,2.25
30.0025,27.0725,25.0602,23.8394,23.1253,22.7711,2.35
29.9813,27.1590,25.0703,23.8805,23.1959,22.8246,2.45
30.1512,27.1832,25.1644,23.9724,23.2870,22.9016,2.55
30.4248,27.2360,25.2582,24.0484,23.3524,22.9835,2.65
30.2907,27.4254,25.2751,24.1057,23.4026,23.0357,2.75
30.9987,27.4187,25.3254,24.1867,23.4755,23.1083,2.85
30.5048,27.4792,25.3948,24.2145,23.5374,23.1777,2.95
30.7765,27.5698,25.4451,24.2937,23.6181,23.2465,3.05
31.2359,27.5984,25.4866,24.3745,23.6863,23.3177,3.15
30.5792,27.7052,25.5839,24.4299,23.7665,23.3831,3.25
31.1406,27.7618,25.6601,24.4745,23.8232,23.4525,3.35
31.5371,27.8345,25.6827,24.5613,23.8889,23.5116,3.45
31.6386,27.8925,25.7401,24.5453,23.9530,23.5933,3.55
31.2270,28.0391,25.7559,24.6256,23.9994,23.6369,3.65
31.5157,28.0238,25.8255,24.6847,24.0534,23.7113,3.75
31.2561,28.0644,25.9366,24.7378,24.1534,23.7746,3.85
31.9613,28.1354,25.9548,24.8144,24.1990,23.8328,3.95
31.6363,28.2091,25.9928,24.8523,24.2342,23.9063,4.05
31.8005,28.3238,26.0901,24.8768,24.2916,23.9532,4.15
32.3556,28.3657,26.1045,24.9655,24.3693,24.0349,4.25
31.9234,28.4090,26.1516,24.9523,24.4023,24.0984,4.35
32.1797,28.4973,26.2034,25.0536,24.4665,24.1579,4.45
32.4944,28.5365,26.2815,25.0660,24.4921,24.1960,4.55
32.1761,28.6809,26.3471,25.1568,24.5516,24.2800,4.65
32.4356,28.6991,26.3494,25.1882,24.6031,24.3062,4.75
32.1635,28.7398,26.4208,25.2537,24.6731,24.3871,4.85
32.1095,28.8539,26.4721,25.2878,24.7031,24.4159,4.95
32.3449,28.9398,26.5652,25.3785,24.7842,24.4575,5.05
32.9716,29.0260,26.5928,25.3691,24.8267,24.5338,5.15
32.4155,29.0031,26.6793,25.4654,24.8435,24.5885,5.25
32.3037,29.1049,26.7951,25.4910,24.9268,24.6320,5.35
33.5546,29.1796,26.7459,25.5180,24.9713,24.6830,5.45
33.0543,29.1444,26.8297,25.5958,25.0221,24.7284,5.55
32.9957,29.2428,26.8997,25.5963,25.0381,24.8074,5.65
32.5550,29.2881,26.9301,25.6757,25.0919,24.8462,5.75
32.7654,29.3377,26.9298,25.6975,25.1220,24.8758,5.85
33.3815,29.3969,27.0677,25.7731,25.2030,24.8922,5.95
33.3989,29.4306,27.0953,25.8262,25.2432,24.9227,6.05
32.9536,29.5170,27.2292,25.8477,25.2941,25.0330,6.15
32.6224,29.5632,27.1907,25.8814,25.2997,25.0337,6.25
33.1142,29.6857,27.3229,25.9942,25.3588,25.1250,6.35
33.2450,29.6189,27.3650,26.0282,25.3167,25.1380,6.45
33.4144,29.7517,27.4368,26.0420,25.4364,25.1619,6.55
33.6968,29.7202,27.4074,26.1528,25.5416,25.2577,6.65
33.6097,29.7719,27.4846,26.1861,25.5367,25.2657,6.75
33.3222,29.8728,27.5251,26.1867,25.5684,25.3196,6.85
33.2315,29.7853,27.5847,26.2537,25.6185,25.3445,6.95
34.0759,29.9282,27.7016,26.2986,25.6741,25.3943,7.05
33.5171,29.9007,27.6847,26.3291,25.7305,25.4509,7.15
33.7861,29.9080,27.7202,26.3601,25.7556,25.4971,7.25
33.2240,29.9293,27.8738,26.4419,25.8204,25.5039,7.35
34.3101,30.0023,27.8428,26.4677,25.8780,25.5380,7.45
33.4931,29.9513,28.0069,26.5230,25.9034,25.5963,7.55
33.3513,30.0808,27.9697,26.6125,25.9315,25.6440,7.65
33.0679,30.0638,28.0382,26.5777,25.9464,25.6965,7.75
33.7756,30.0453,28.0722,26.7049,25.9776,25.7364,7.85
34.6153,29.9894,28.1034,26.7324,26.0344,25.7977,7.95
34.7365,30.2093,28.1462,26.7579,26.0966,25.8235,8.05
34.0395,30.2551,28.2564,26.8386,26.1324,25.8529,8.15
34.5179,30.1464,28.2438,26.8568,26.1706,25.8908,8.25
33.6476,30.1435,28.3691,26.8879,26.2261,25.9553,8.35
34.5451,30.3440,28.3840,26.9555,26.2948,25.9833,8.45
34.0907,30.2607,28.4021,27.0460,26.3936,26.0302,8.55
33.8950,30.2745,28.4796,27.0884,26.4007,26.0688,8.65
34.8804,30.3136,28.5073,27.1445,26.4055,26.1188,8.75
34.4598,30.3230,28.5577,27.2051,26.4467,26.2114,8.85
34.7787,30.3176,28.5500,27.2462,26.5268,26.2385,8.95
