u,g,r,i,z,y,time
28.5005,26.6369,25.3636,24.9691,24.9036,25.0140,0.05
29.3041,27.0014,25.3488,24.6079,24.4071,24.4497,0.15
29.8023,27.2322,25.5156,24.4410,24.0952,24.1056,0.25
30.2106,27.4246,25.7664,24.4346,23.9547,23.9070,0.35
30.3411,27.6304,25.9532,24.4969,23.8602,23.7535,0.45
30.6309,27.8327,26.0726,24.6291,23.8697,23.6591,0.55
31.0146,27.9771,26.1746,24.7853,23.9247,23.6134,0.65
30.8546,28.1915,26.2911,24.9594,24.0075,23.6175,0.75
31.1329,28.3388,26.4030,25.1149,24.1255,23.6755,0.85
31.3742,28.5053,26.4936,25.2647,24.2389,23.7556,0.95
31.3056,28.6509,26.6046,25.3724,24.3602,23.8985,1.05
31.6746,28.8322,26.7316,25.4897,24.4943,24.0131,1.15
31.9508,29.0447,26.8047,25.6187,24.6002,24.1223,1.25
32.0027,29.1570,26.9244,25.7025,24.7086,24.2190,1.35
31.8594,29.2531,27.0396,25.8006,24.7969,24.3050,1.45
32.6269,29.3522,27.1201,25.8941,24.8825,24.3864,1.55
32.6212,29.6154,27.2167,26.0081,24.9608,24.4294,1.65
32.7166,29.6808,27.3098,26.0755,25.0408,24.5084,1.75
32.6709,29.7370,27.3911,26.1625,25.1075,24.5579,1.85
33.2332,29.8495,27.4925,26.2083,25.1938,24.6155,1.95
33.1155,29.9402,27.5859,26.3171,25.2782,24.6608,2.05
34.1662,30.1003,27.6806,26.3679,25.3551,24.7475,2.15
33.4405,30.1801,27.7198,26.4273,25.4073,24.7854,2.25
32.9725,30.2028,27.7989,26.5108,25.4583,24.8373,2.35
34.0761,30.3707,27.8832,26.5440,25.5306,24.9021,2.45
34.0115,30.3554,27.9714,26.6099,25.6270,24.9699,2.55
33.4939,30.4404,27.9924,26.6294,25.6565,25.0219,2.65
34.2969,30.5296,28.1455,26.7157,25.7163,25.0911,2.75
34.3267,30.6737,28.1566,26.8077,25.7818,25.1507,2.85
33.9183,30.6589,28.2435,26.8086,25.8705,25.1938,2.95
34.4471,30.8217,28.3171,26.8769,25.9197,25.2692,3.05
34.2467,30.7670,28.4113,26.9394,25.9816,25.3251,3.15
34.6774,30.7658,28.4232,26.9695,26.0597,25.3864,3.25
35.1421,31.0867,28.4922,27.0280,26.1106,25.4457,3.35
35.0714,31.0344,28.6342,27.0930,26.1616,25.4971,3.45
34.7203,31.1905,28.6433,27.1265,26.2080,25.5710,3.55
34.2717,31.1988,28.6519,27.1798,26.2579,25.6284,3.65
35.3675,31.3654,28.7533,27.2466,26.3241,25.6811,3.75
35.9729,31.4013,28.8472,27.2851,26.3737,25.7626,3.85
35.0754,31.3887,28.8585,27.3222,26.4515,25.8435,3.95
37.2110,31.4966,28.9858,27.3889,26.5076,25.8398,4.05
35.1513,31.6597,28.9682,27.4576,26.5559,25.9161,4.15
38.1617,31.5672,29.0435,27.4815,26.5987,25.9745,4.25
35.4513,31.9043,29.1620,27.5276,26.6667,26.0481,4.35
36.5194,31.9253,29.2624,27.5974,26.6782,26.0610,4.45
-9999.0000,31.9968,29.3351,27.6258,26.7516,26.1402,4.55
36.4219,32.0787,29.3448,27.6735,26.7709,26.2036,4.65
36.6201,32.0167,29.3250,27.7336,26.8471,26.2273,4.75
36.1432,32.0817,29.4221,27.7935,26.8738,26.2928,4.85
36.3046,32.3580,29.4591,27.8144,26.9288,26.3466,4.95
35.5188,32.2841,29.5086,27.9422,26.9476,26.3967,5.05
38.3927,32.3218,29.6198,27.9512,27.0134,26.4571,5.15
36.8124,32.4816,29.6000,28.0824,27.0817,26.5029,5.25
36.6469,32.3180,29.6162,28.0613,27.0914,26.5179,5.35
36.0158,32.6808,29.7414,28.0865,27.0956,26.5687,5.45
-9999.0000,32.4597,29.7602,28.1272,27.1716,26.6093,5.55
38.1250,32.5680,29.8628,28.1830,27.2771,26.6946,5.65
37.0780,32.8611,30.0742,28.2210,27.2702,26.7279,5.75
36.6588,32.7366,30.0134,28.3010,27.3692,26.7909,5.85
37.1085,32.9693,30.0585,28.3237,27.3724,26.8337,5.95
37.1483,32.8661,30.0475,28.3681,27.4223,26.8947,6.05
-9999.0000,32.8476,30.1696,28.4297,27.4957,26.9640,6.15
41.7837,32.8456,30.2748,28.5158,27.5031,26.9210,6.25
-9999.0000,32.9031,30.2442,28.5439,27.5538,26.9992,6.35
36.2257,33.2939,30.4781,28.6378,27.6507,27.0957,6.45
-9999.0000,33.0385,30.3710,28.5941,27.6914,27.1164,6.55
37.9353,33.0216,30.3866,28.7403,27.6834,27.1342,6.65
39.6934,33.1423,30.5202,28.7617,27.7710,27.1214,6.75
-9999.0000,33.2353,30.5608,28.8017,27.7892,27.2228,6.85
40.1023,33.1589,30.6210,28.8424,27.7829,27.3036,6.95
37.1565,33.4482,30.6996,28.9294,27.8841,27.3164,7.05
38.0517,33.0962,30.6508,28.9118,27.9089,27.3069,7.15
-9999.0000,33.3490,30.6862,28.9916,27.9528,27.4120,7.25
38.1195,33.2716,30.8024,28.9768,28.0011,27.3921,7.35
-9999.0000,33.0837,30.9020,29.0786,28.0485,27.4598,7.45
39.0680,33.2395,30.8633,29.1068,28.0895,27.5287,7.55
40.2835,33.2632,30.8875,29.1641,28.1930,27.5989,7.65
45.1066,33.3740,30.8579,29.3114,28.1884,27.6247,7.75
41.8974,33.4118,30.9438,29.3119,28.2350,27.6251,7.85
40.2834,33.5095,31.0099,29.3196,28.2483,27.6793,7.95
39.2594,33.4246,30.9328,29.4000,28.3637,27.7037,8.05
-9999.0000,33.4776,31.2057,29.5113,28.3973,27.7942,8.15
38.5957,33.4874,31.0913,29.4191,28.4054,27.7776,8.25
-9999.0000,33.4759,31.0931,29.5301,28.3954,27.8975,8.35
41.8956,33.7200,31.1052,29.6383,28.4929,27.9202,8.45
-9999.0000,33.6909,31.2930,29.6746,28.5296,27.9880,8.55
-9999.0000,33.6160,31.4920,29.6779,28.5624,27.9881,8.65
-9999.0000,33.7448,31.1988,29.6788,28.6997,28.0036,8.75
-9999.0000,33.8118,31.3604,29.7134,28.6605,28.0793,8.85
-9999.0000,33.8775,31.4115,29.7814,28.7761,28.1170,8.95
