u,g,r,i,z,y,time
34.3490,32.5100,30.9960,30.0878,29.6822,29.3693,0.05
-9999.0000,34.7799,32.6397,31.3423,30.4901,29.7709,0.15
-9999.0000,36.3729,33.7074,31.8614,30.8748,29.9734,0.25
-9999.0000,37.0187,35.6140,32.2557,31.0393,30.2101,0.35
-9999.0000,37.3220,34.6610,32.5944,31.3422,30.1935,0.45
-9999.0000,-9999.0000,34.5970,32.8906,31.4441,30.3598,0.55
-9999.0000,-9999.0000,35.5296,33.0196,31.5822,30.4103,0.65
-9999.0000,37.5849,35.1441,32.6617,31.8165,30.4484,0.75
-9999.0000,38.6593,35.9597,33.5839,31.8571,30.4353,0.85
-9999.0000,-9999.0000,35.1557,33.2931,31.7967,30.4708,0.95
-9999.0000,44.0762,34.7764,33.3809,32.0275,30.6912,1.05
-9999.0000,-9999.0000,35.7486,33.5534,32.2355,30.5999,1.15
-9999.0000,-9999.0000,35.5482,33.1715,32.1539,30.6603,1.25
-9999.0000,-9999.0000,35.6943,33.5214,32.1357,30.7126,1.35
-9999.0000,-9999.0000,36.5122,33.7260,32.1176,30.8036,1.45
-9999.0000,-9999.0000,36.0858,33.4385,32.0995,30.8084,1.55
-9999.0000,37.7521,35.4708,33.6979,32.2750,30.9347,1.65
-9999.0000,-9999.0000,35.8995,33.3875,31.9583,30.9187,1.75
-9999.0000,-9999.0000,35.4321,33.4830,32.0584,30.8890,1.85
-9999.0000,37.7120,35.3427,34.2968,31.9094,30.9636,1.95
-9999.0000,37.7899,35.5054,33.6075,31.9382,30.8493,2.05
-9999.0000,37.9223,35.2994,33.3136,32.0715,31.0133,2.15
-9999.0000,-9999.0000,36.5475,33.7494,32.2390,31.0850,2.25
-9999.0000,-9999.0000,35.9305,33.7227,32.0062,31.0080,2.35
-9999.0000,-9999.0000,35.7187,33.4479,32.2832,31.1605,2.45
-9999.0000,-9999.0000,35.7368,33.9059,32.0321,31.1820,2.55
-9999.0000,-9999.0000,35.9334,33.3506,32.2722,31.1080,2.65
-9999.0000,41.3694,35.5341,33.7181,32.1691,31.1440,2.75
-9999.0000,39.0659,35.4953,33.5217,32.0754,31.2280,2.85
-9999.0000,37.9595,35.1260,33.9300,32.0321,31.1920,2.95
-9999.0000,-9999.0000,35.7421,33.5897,32.4368,31.3992,3.05
-9999.0000,-9999.0000,36.3975,33.7453,32.0922,31.2760,3.15
-9999.0000,-9999.0000,35.7404,33.8163,31.9968,31.1170,3.25
-9999.0000,-9999.0000,35.9718,33.5596,32.2174,31.2940,3.35
-9999.0000,41.5280,36.1117,33.8833,32.0486,31.3142,3.45
-9999.0000,-9999.0000,35.6786,33.7783,32.3839,31.3900,3.55
-9999.0000,39.0715,35.7991,33.5506,32.3814,31.2501,3.65
-9999.0000,-9999.0000,36.4265,34.3746,32.4426,31.3412,3.75
-9999.0000,38.1915,36.1190,33.8762,32.2550,31.2931,3.85
-9999.0000,-9999.0000,35.6228,34.0315,32.4948,31.3212,3.95
-9999.0000,-9999.0000,36.6340,34.0120,32.0929,31.1998,4.05
-9999.0000,38.2772,36.5780,34.2856,32.3358,31.2060,4.15
-9999.0000,40.8877,35.4911,34.0191,32.3648,31.2635,4.25
-9999.0000,-9999.0000,36.0097,34.0715,32.4880,31.2119,4.35
-9999.0000,-9999.0000,35.6038,33.9258,32.4681,31.2777,4.45
-9999.0000,-9999.0000,37.1066,34.0963,32.4075,31.2853,4.55
-9999.0000,38.7253,35.6810,33.9511,32.5123,31.2817,4.65
-9999.0000,-9999.0000,36.0759,33.9531,32.5351,31.3475,4.75
-9999.0000,40.2949,35.8887,34.3130,32.4456,31.3268,4.85
-9999.0000,-9999.0000,36.1193,34.2702,32.4096,31.4292,4.95
-9999.0000,-9999.0000,35.3857,34.0689,32.4578,31.2639,5.05
-9999.0000,-9999.0000,35.4621,34.2245,32.4585,31.3869,5.15
-9999.0000,-9999.0000,36.4174,34.3078,32.3797,31.3381,5.25
-9999.0000,-9999.0000,-9999.0000,33.6898,32.5846,31.5058,5.35
-9999.0000,38.6936,36.1644,34.1113,32.7703,31.4676,5.45
-9999.0000,-9999.0000,36.4665,34.2916,32.3742,31.2804,5.55
-9999.0000,39.0414,35.6750,33.9504,32.4881,31.3755,5.65
-9999.0000,40.6827,35.8445,34.1919,32.5848,31.3780,5.75
-9999.0000,-9999.0000,36.4211,34.1104,32.7042,31.3765,5.85
-9999.0000,-9999.0000,35.6652,34.2651,32.6314,31.4190,5.95
-9999.0000,-9999.0000,36.4277,33.9882,32.3730,31.2646,6.05
-9999.0000,-9999.0000,36.0579,34.0791,32.4805,31.4201,6.15
-9999.0000,-9999.0000,36.2091,34.0364,32.7176,31.3086,6.25
-9999.0000,-9999.0000,36.7389,34.4993,32.7331,31.3555,6.35
-9999.0000,-9999.0000,36.6302,34.0378,32.5774,31.4835,6.45
-9999.0000,39.6923,35.9589,34.1510,32.8941,31.3895,6.55
-9999.0000,-9999.0000,35.9044,34.4351,32.7840,31.6001,6.65
-9999.0000,39.2723,36.6025,34.0302,32.6592,31.3878,6.75
-9999.0000,-9999.0000,35.6816,34.0508,32.8562,31.4493,6.85
-9999.0000,42.6764,35.8232,34.1184,32.9740,31.3694,6.95
-9999.0000,-9999.0000,36.5957,34.4577,33.1118,31.4555,7.05
-9999.0000,-9999.0000,36.0767,34.0928,32.8019,31.5444,7.15
-9999.0000,-9999.0000,36.4830,33.7768,32.6404,31.6316,7.25
-9999.0000,39.2515,36.5588,34.1378,32.7094,31.5975,7.35
-9999.0000,-9999.0000,36.6357,34.2883,32.8362,31.3998,7.45
-9999.0000,40.2511,36.7191,34.4953,32.7777,31.4391,7.55
-9999.0000,-9999.0000,36.2638,34.2416,32.8895,31.5506,7.65
-9999.0000,-9999.0000,36.7981,34.1679,32.9207,31.6256,7.75
-9999.0000,-9999.0000,36.1412,34.4865,32.9034,31.5718,7.85
-9999.0000,42.1895,36.4001,34.0751,33.0671,31.7419,7.95
-9999.0000,42.0025,36.1788,34.1542,32.6410,31.7072,8.05
-9999.0000,-9999.0000,37.0997,34.7068,32.8207,31.6674,8.15
-9999.0000,-9999.0000,36.5588,34.1773,33.0958,31.7107,8.25
-9999.0000,-9999.0000,36.6311,34.4945,33.1668,31.7171,8.35
-9999.0000,42.3660,36.1978,34.4052,32.6974,31.6723,8.45
-9999.0000,-9999.0000,36.7094,34.2674,32.9142,31.7121,8.55
-9999.0000,40.0667,36.4669,34.3139,33.0547,31.7019,8.65
-9999.0000,-9999.0000,36.5680,34.5422,32.9614,31.8666,8.75
-9999.0000,-9999.0000,36.5094,34.1458,33.1342,31.8849,8.85
-9999.0000,-9999.0000,36.6147,34.4018,33.0385,31.8004,8.95
