u,g,r,i,z,y,time
23.6187,22.8796,23.0786,23.5310,23.9002,24.2404,0.05
23.5092,22.4254,22.5929,23.0776,23.5172,23.9275,0.15
24.2010,22.3805,22.3520,22.8276,23.3187,23.7863,0.25
24.7680,22.5624,22.2364,22.7091,23.2164,23.7246,0.35
25.1428,22.9064,22.2081,22.7117,23.2045,23.7572,0.45
25.4703,23.3460,22.2208,22.7794,23.2405,23.8460,0.55
25.7829,23.7639,22.2834,22.7632,23.2582,23.8758,0.65
26.0650,24.0288,22.3751,22.6483,23.1592,23.7449,0.75
26.3361,24.2236,22.4812,22.5240,22.9880,23.5172,0.85
26.5479,24.3803,22.5982,22.4428,22.8355,23.2527,0.95
26.7946,24.5441,22.7240,22.4030,22.7413,23.0476,1.05
26.9197,24.6681,22.8381,22.4046,22.6879,22.8688,1.15
27.1039,24.7465,22.9432,22.4426,22.6942,22.7801,1.25
27.2060,24.8239,23.0245,22.4938,22.7166,22.7551,1.35
27.3656,24.9222,23.1193,22.5657,22.7669,22.7808,1.45
27.4682,24.9631,23.1938,22.6572,22.8418,22.8463,1.55
27.5915,25.0188,23.2628,22.7479,22.9375,22.9490,1.65
27.6119,25.0609,23.3434,22.8446,23.0173,23.0630,1.75
27.7190,25.1059,23.3980,22.9244,23.1431,23.1901,1.85
27.7113,25.1475,23.4550,23.0330,23.2663,23.3630,1.95
27.7551,25.1851,23.5140,23.1089,23.3915,23.5130,2.05
27.8464,25.2114,23.5710,23.1999,23.5417,23.7073,2.15
27.8961,25.2441,23.6238,23.2746,23.6841,23.9089,2.25
27.9288,25.2861,23.6573,23.3412,23.8277,24.1041,2.35
27.9347,25.3207,23.6997,23.4081,23.9583,24.3115,2.45
27.9822,25.3416,23.7393,23.4742,24.0916,24.5221,2.55
28.0126,25.3767,23.7834,23.5226,24.2108,24.6859,2.65
28.1429,25.4323,23.8204,23.5865,24.3263,24.8876,2.75
28.0208,25.4556,23.8600,23.6356,24.4309,25.0669,2.85
28.0742,25.4727,23.9007,23.6830,24.5156,25.2151,2.95
28.1847,25.5199,23.9388,23.7380,24.6340,25.3941,3.05
28.1906,25.5472,23.9745,23.7702,24.6866,25.5852,3.15
28.2143,25.5892,24.0001,23.8163,24.7617,25.7337,3.25
28.1772,25.6304,24.0422,23.8379,24.8245,25.8686,3.35
28.2618,25.6429,24.0735,23.8964,24.9109,26.0488,3.45
28.2716,25.6790,24.1091,23.9188,24.9742,26.1854,3.55
28.2106,25.7325,24.1451,23.9648,25.0408,26.2559,3.65
28.3439,25.7449,24.1844,23.9974,25.1025,26.4640,3.75
28.3339,25.7801,24.2225,24.0434,25.1586,26.5668,3.85
28.3424,25.8051,24.2637,24.0952,25.2179,26.6404,3.95
28.3982,25.8280,24.2848,24.1199,25.2638,26.7937,4.05
28.4320,25.8572,24.3149,24.1488,25.3343,26.9916,4.15
28.4484,25.9030,24.3624,24.1827,25.3845,27.0405,4.25
28.4547,25.9346,24.3815,24.2322,25.4033,27.1739,4.35
28.4287,25.9451,24.4160,24.2663,25.4677,27.2575,4.45
28.4826,25.9769,24.4524,24.2945,25.5079,27.4398,4.55
28.4095,26.0172,24.4949,24.3361,25.5743,27.5445,4.65
28.4745,26.0557,24.5096,24.3908,25.6345,27.6128,4.75
28.4742,26.0507,24.5446,24.4278,25.6776,27.6992,4.85
28.5726,26.0964,24.5817,24.4516,25.7618,27.7812,4.95
28.5413,26.1088,24.6154,24.4757,25.8023,28.0189,5.05
28.5627,26.1354,24.6433,24.5280,25.8383,28.0355,5.15
28.5537,26.1704,24.6810,24.5492,25.8754,28.0992,5.25
28.5795,26.1914,24.7156,24.6079,25.9405,28.1539,5.35
28.5798,26.2044,24.7325,24.6361,25.9815,28.2512,5.45
28.6573,26.2384,24.7789,24.6751,26.0078,28.4752,5.55
28.6327,26.2737,24.7978,24.7191,26.0623,28.2882,5.65
28.6692,26.2924,24.8314,24.7474,26.1610,28.4951,5.75
28.6340,26.3273,24.8739,24.8066,26.1817,28.5990,5.85
28.6858,26.3276,24.8818,24.8217,26.2344,28.5995,5.95
28.7677,26.3828,24.9257,24.8725,26.2413,28.7089,6.05
28.7607,26.4250,24.9539,24.9152,26.3034,28.8960,6.15
28.8031,26.4318,24.9877,24.9389,26.3507,28.8265,6.25
28.8288,26.4502,25.0277,24.9698,26.4261,28.8637,6.35
28.7974,26.4617,25.0450,25.0157,26.4749,28.9313,6.45
28.7885,26.5099,25.0676,25.0623,26.4754,28.8978,6.55
28.7970,26.5140,25.1234,25.0990,26.5264,29.1048,6.65
28.8622,26.5414,25.1314,25.1548,26.5747,29.3174,6.75
28.8163,26.5549,25.1689,25.1714,26.6058,29.3048,6.85
28.9229,26.5947,25.1977,25.2128,26.6803,29.3299,6.95
28.8780,26.6125,25.2326,25.2582,26.7542,29.2594,7.05
28.9028,26.6260,25.2561,25.2818,26.7547,29.3681,7.15
28.9777,26.6670,25.2904,25.3258,26.8330,29.4794,7.25
28.9617,26.6750,25.3070,25.3572,26.8966,29.6334,7.35
28.9887,26.6897,25.3365,25.4068,26.9586,29.8393,7.45
28.9821,26.7302,25.3669,25.4550,26.9603,29.7387,7.55
28.9709,26.7553,25.3891,25.4728,27.0195,29.4440,7.65
28.9712,26.7815,25.4167,25.5037,27.0265,29.8709,7.75
29.0694,26.7955,25.4770,25.5550,27.0930,29.6393,7.85
29.0290,26.8301,25.4821,25.6122,27.1478,29.7425,7.95
29.0754,26.8587,25.5099,25.6338,27.1492,29.7839,8.05
29.0898,26.8810,25.5379,25.6554,27.1674,29.9272,8.15
29.0251,26.8760,25.5745,25.6745,27.1991,30.0328,8.25
29.1293,26.9282,25.5922,25.7163,27.3004,30.0804,8.35
29.1766,26.9512,25.6310,25.7818,27.3684,29.9458,8.45
29.1207,26.9769,25.6654,25.7827,27.3693,30.1510,8.55
29.1491,27.0114,25.6873,25.8246,27.4830,29.8790,8.65
29.1356,27.0107,25.6892,25.8601,27.4983,30.1133,8.75
29.2002,27.0519,25.7370,25.9022,27.4818,30.0257,8.85
29.1511,27.0489,25.7687,25.9728,27.4996,30.4347,8.95
