u,g,r,i,z,y,time
32.0311,31.5988,31.1601,31.1030,30.9368,30.8383,0.05
33.1537,31.9560,31.4669,30.8715,30.4493,30.5513,0.15
33.8526,32.4635,31.5465,30.9032,30.3466,30.2792,0.25
34.3846,32.8497,31.4816,31.0974,30.5927,30.1369,0.35
34.3606,32.8417,31.6248,31.2315,30.4697,29.8571,0.45
34.7816,32.9237,31.6544,31.2329,30.5696,30.0059,0.55
35.2861,33.4297,31.9543,31.3110,30.7441,29.9863,0.65
35.8487,33.2362,31.9355,31.4341,30.6150,29.9873,0.75
36.0353,33.4689,31.8575,31.3993,30.6486,29.9886,0.85
35.9946,33.4807,31.8856,31.3977,30.5816,29.9894,0.95
36.9188,33.8547,32.1762,31.5155,30.6694,29.8961,1.05
37.4613,33.9193,32.1092,31.4617,30.6915,29.9318,1.15
35.8384,34.0792,32.2155,31.4654,30.6901,29.9479,1.25
38.4553,34.3069,32.2315,31.5288,30.6233,29.9027,1.35
38.6731,34.3759,32.5358,31.7774,30.8941,29.9821,1.45
-9999.0000,34.5798,32.6118,31.6454,30.8809,29.9271,1.55
39.7033,34.9450,32.7629,31.6103,30.7231,29.8909,1.65
38.0881,35.1495,32.9930,31.9436,31.1054,30.1156,1.75
38.9128,35.1566,32.9697,32.0191,30.8948,29.9397,1.85
-9999.0000,36.5505,33.3762,32.1561,31.1590,30.1926,1.95
-9999.0000,35.2339,33.0474,31.9881,30.8190,29.9451,2.05
-9999.0000,36.1396,33.7050,32.5677,31.2233,30.2751,2.15
39.0680,36.5984,33.5310,32.0359,30.9477,29.8923,2.25
39.1333,36.5518,33.8439,32.6531,31.5140,30.3212,2.35
39.2166,36.1420,34.0363,32.3755,31.0730,29.9859,2.45
-9999.0000,36.6078,33.9011,32.6261,31.4037,30.2632,2.55
-9999.0000,36.9663,34.3232,32.7793,31.3916,30.3882,2.65
-9999.0000,37.4239,34.0479,32.6294,31.2043,30.0344,2.75
-9999.0000,37.2414,35.0265,33.1787,31.6904,30.5690,2.85
-9999.0000,37.9873,34.6379,32.9456,31.5251,30.4031,2.95
39.9983,36.8908,34.5476,32.8506,31.3813,30.2566,3.05
-9999.0000,37.8184,35.0570,33.2459,31.8299,30.6474,3.15
-9999.0000,38.5211,34.9173,33.1149,31.6924,30.4282,3.25
-9999.0000,37.8301,34.8375,32.9334,31.5417,30.3379,3.35
-9999.0000,37.9456,35.1489,33.1310,31.8978,30.7205,3.45
-9999.0000,38.8491,35.7509,33.2443,31.9656,30.7278,3.55
-9999.0000,37.7512,35.2250,33.1138,31.6407,30.4303,3.65
-9999.0000,39.1543,34.9422,33.2790,31.9786,30.5888,3.75
-9999.0000,39.9738,35.9889,33.7080,32.2283,30.9552,3.85
-9999.0000,40.5166,35.3765,33.5489,31.9535,30.8149,3.95
-9999.0000,-9999.0000,35.9304,33.4193,32.0500,30.7604,4.05
-9999.0000,38.8366,36.4400,33.9282,32.0077,30.8524,4.15
-9999.0000,38.3276,36.0047,33.9821,32.4344,31.0608,4.25
-9999.0000,37.9174,36.0136,33.7993,32.2355,31.0266,4.35
-9999.0000,38.5083,35.9285,33.7799,32.0650,30.8641,4.45
-9999.0000,43.3122,36.2860,33.8173,32.2584,30.9882,4.55
-9999.0000,52.1914,36.3576,34.0332,32.7667,31.3063,4.65
-9999.0000,40.8328,36.0931,34.2175,32.6970,31.4041,4.75
-9999.0000,-9999.0000,36.6374,34.3178,32.4962,31.2799,4.85
-9999.0000,-9999.0000,35.8700,34.0577,32.4755,31.0920,4.95
-9999.0000,41.3205,36.9321,34.3914,32.7887,31.3167,5.05
-9999.0000,-9999.0000,36.5565,34.7635,32.9450,31.6743,5.15
-9999.0000,-9999.0000,36.6362,35.2047,32.8483,31.6939,5.25
-9999.0000,39.4529,36.9956,34.7602,33.0557,31.5267,5.35
-9999.0000,-9999.0000,36.8013,34.3215,32.8044,31.4407,5.45
-9999.0000,39.3414,37.4128,34.3352,32.8812,31.6927,5.55
-9999.0000,-9999.0000,37.0110,35.4379,32.9958,31.8914,5.65
-9999.0000,39.7645,36.2753,35.0885,33.5846,31.8719,5.75
-9999.0000,-9999.0000,36.9210,35.2716,33.2508,32.0571,5.85
-9999.0000,40.7028,36.7016,35.0200,33.2738,31.9583,5.95
-9999.0000,-9999.0000,37.3511,35.0681,33.1521,31.7412,6.05
-9999.0000,53.0886,40.1511,35.0963,33.6122,32.1000,6.15
-9999.0000,-9999.0000,37.0046,35.6985,33.8768,32.3006,6.25
-9999.0000,-9999.0000,37.7469,35.9697,33.6187,32.4231,6.35
-9999.0000,-9999.0000,38.7962,35.8218,33.6679,32.2253,6.45
-9999.0000,-9999.0000,37.6428,35.9724,33.7480,32.1876,6.55
-9999.0000,-9999.0000,39.8448,35.7015,33.7224,32.1384,6.65
-9999.0000,-9999.0000,37.5593,35.4166,33.6933,32.4640,6.75
-9999.0000,-9999.0000,38.8061,36.3312,34.4643,32.6250,6.85
-9999.0000,-9999.0000,38.2320,36.8827,33.9898,32.5766,6.95
-9999.0000,-9999.0000,41.1293,37.4813,34.1356,32.6904,7.05
-9999.0000,-9999.0000,37.4946,36.8699,34.3761,33.0166,7.15
-9999.0000,-9999.0000,37.7788,35.8672,34.0422,32.7442,7.25
-9999.0000,-9999.0000,41.4637,35.5363,34.2900,32.5942,7.35
-9999.0000,-9999.0000,38.2873,37.0754,34.4005,32.8819,7.45
-9999.0000,-9999.0000,-9999.0000,35.9442,34.4124,33.1345,7.55
-9999.0000,-9999.0000,40.8622,37.0476,34.6534,33.1952,7.65
-9999.0000,-9999.0000,-9999.0000,36.7057,35.1357,33.0365,7.75
-9999.0000,-9999.0000,-9999.0000,36.6972,34.7475,33.3322,7.85
-9999.0000,-9999.0000,38.9619,37.0083,34.9668,33.1336,7.95
-9999.0000,-9999.0000,-9999.0000,36.8409,34.7439,33.0822,8.05
-9999.0000,-9999.0000,43.3182,36.0810,34.5863,33.1642,8.15
-9999.0000,-9999.0000,38.4355,37.7881,35.6016,33.5707,8.25
-9999.0000,-9999.0000,38.7748,37.0476,34.8496,33.7103,8.35
-9999.0000,-9999.0000,39.7984,38.0198,35.1368,33.6025,8.45
-9999.0000,-9999.0000,44.0039,37.0464,35.4779,33.6661,8.55
-9999.0000,-9999.0000,-9999.0000,36.8178,35.3455,33.5118,8.65
-9999.0000,-9999.0000,39.8729,36.7217,35.4260,33.8386,8.75
-9999.0000,-9999.0000,-9999.0000,37.9831,34.9807,33.8071,8.85
-9999.0000,-9999.0000,39.8607,37.7012,36.1027,33.5786,8.95
