u,g,r,i,z,y,time
24.8869,24.8488,25.0767,25.4226,25.6713,25.9312,0.05
23.9364,23.9428,24.2680,24.6963,24.9690,25.2174,0.15
23.4956,23.4753,23.8094,24.3059,24.4886,24.7714,0.25
23.2672,23.1802,23.5017,24.0171,24.2550,24.5395,0.35
23.1532,22.9766,23.2706,23.7702,24.0026,24.2717,0.45
23.1164,22.8248,23.0672,23.5678,23.8177,24.1188,0.55
23.1302,22.7434,22.9570,23.4463,23.6812,24.0062,0.65
23.1573,22.6548,22.8355,23.3085,23.5737,23.8892,0.75
23.2305,22.6035,22.7376,23.2016,23.4232,23.7984,0.85
23.3253,22.5686,22.6792,23.0833,23.3439,23.7101,0.95
23.4331,22.5563,22.6340,23.0103,23.2766,23.6438,1.05
23.5682,22.5511,22.5950,22.9382,23.1897,23.5481,1.15
23.6884,22.5564,22.5458,22.8604,23.1188,23.5258,1.25
23.8289,22.5883,22.5127,22.8120,23.0903,23.4456,1.35
23.9560,22.6518,22.5068,22.8000,23.0618,23.4370,1.45
24.1140,22.6927,22.4445,22.7407,23.0240,23.4007,1.55
24.2930,22.7937,22.4110,22.6976,22.9957,23.3947,1.65
24.4226,22.8564,22.3942,22.6937,23.0036,23.3627,1.75
24.6719,22.9865,22.3632,22.6546,22.9745,23.2986,1.85
24.7310,23.0612,22.3532,22.6602,22.9521,23.2884,1.95
25.0077,23.2351,22.3450,22.6207,22.9214,23.2717,2.05
25.1098,23.2887,22.3460,22.6265,22.9451,23.2641,2.15
25.4180,23.5005,22.3554,22.5826,22.9056,23.2158,2.25
25.4406,23.5701,22.3867,22.5968,22.9088,23.1861,2.35
25.7831,23.7552,22.4058,22.5636,22.9031,23.1866,2.45
25.8357,23.8851,22.4865,22.5737,22.9193,23.1845,2.55
25.9935,23.9461,22.4938,22.5355,22.9345,23.1379,2.65
26.2734,24.1898,22.5652,22.5237,22.8985,23.1117,2.75
26.3752,24.2254,22.6422,22.5378,22.9058,23.1000,2.85
26.5888,24.3784,22.6988,22.5019,22.9026,23.0530,2.95
26.7491,24.5214,22.7866,22.4976,22.8731,23.0332,3.05
26.8190,24.5699,22.8812,22.5240,22.8975,23.0274,3.15
26.9671,24.6726,22.9217,22.4950,22.8665,22.9720,3.25
27.2066,24.8410,23.0249,22.4884,22.8676,22.9498,3.35
27.2138,24.9096,23.1484,22.5583,22.8839,22.9550,3.45
27.3638,24.9648,23.2041,22.5668,22.8649,22.9193,3.55
27.6293,25.1184,23.2687,22.5437,22.8442,22.8764,3.65
27.7164,25.1823,23.4108,22.6111,22.8317,22.9159,3.75
27.7188,25.2558,23.4872,22.6905,22.8700,22.9480,3.85
28.1142,25.3298,23.5568,22.6971,22.8597,22.9170,3.95
28.2746,25.4786,23.6489,22.7167,22.8448,22.8976,4.05
28.3482,25.5363,23.7741,22.7836,22.8661,22.9260,4.15
28.3682,25.5759,23.8654,22.8549,22.8654,22.9853,4.25
28.5074,25.6656,23.9042,22.8778,22.8949,22.9448,4.35
28.7500,25.7346,24.0035,22.8970,22.9066,22.9652,4.45
28.8521,25.8839,24.1259,22.9247,22.9157,22.9818,4.55
28.8033,25.9068,24.2009,23.0047,22.9576,23.0270,4.65
28.9421,25.9271,24.2163,23.0517,22.9924,23.0456,4.75
29.1761,26.0028,24.2864,23.0711,23.0099,23.0466,4.85
29.1389,26.1062,24.4093,23.1048,23.0372,23.0472,4.95
29.4961,26.1987,24.5179,23.1646,23.0946,23.0885,5.05
29.4798,26.2354,24.5668,23.2252,23.1649,23.1414,5.15
29.6370,26.2419,24.5859,23.2511,23.1780,23.1301,5.25
29.6202,26.3444,24.6312,23.2704,23.2086,23.1415,5.35
29.9287,26.4123,24.7330,23.3140,23.2543,23.1690,5.45
30.0679,26.5512,24.8057,23.4030,23.3325,23.2114,5.55
30.1995,26.5687,24.8832,23.4651,23.4436,23.2492,5.65
30.1763,26.5846,24.9605,23.5334,23.4448,23.2282,5.75
30.2520,26.7062,24.9716,23.5305,23.4697,23.2248,5.85
30.6139,26.7209,24.9849,23.5561,23.4957,23.2601,5.95
30.3988,26.8102,25.1039,23.6244,23.5450,23.2773,6.05
30.3988,26.9415,25.1767,23.7067,23.6647,23.3201,6.15
30.6295,26.9646,25.2206,23.8200,23.7414,23.3784,6.25
30.7418,26.9892,25.2880,23.8536,23.7483,23.3930,6.35
30.7238,27.0918,25.2892,23.8858,23.7556,23.3985,6.45
31.3758,27.0611,25.3594,23.8941,23.7761,23.3602,6.55
31.2984,27.1743,25.4063,23.9492,23.8087,23.4179,6.65
31.3489,27.2279,25.4427,24.0104,23.8964,23.4781,6.75
31.2278,27.3120,25.4952,24.0903,23.9346,23.5003,6.85
31.3938,27.3204,25.5501,24.1529,23.9558,23.5336,6.95
30.9431,27.3298,25.5680,24.1828,23.9862,23.5498,7.05
31.2464,27.3842,25.5716,24.2138,24.0279,23.5375,7.15
31.3448,27.4053,25.6127,24.2319,24.0677,23.6032,7.25
31.8005,27.4975,25.6782,24.2555,24.0611,23.6143,7.35
31.8749,27.6853,25.7325,24.3004,24.1174,23.6413,7.45
31.4487,27.6627,25.7572,24.3354,24.1429,23.6772,7.55
31.5558,27.6248,25.8112,24.3821,24.1762,23.7038,7.65
31.7100,27.6904,25.7521,24.4383,24.1950,23.6901,7.75
32.5087,27.6890,25.8248,24.4359,24.2062,23.7480,7.85
32.0540,27.7359,25.8483,24.4724,24.2426,23.7268,7.95
32.1310,27.7956,25.8621,24.4869,24.2543,23.7747,8.05
31.8686,27.8706,25.9263,24.5080,24.3064,23.7992,8.15
31.9792,27.8359,25.9653,24.5652,24.3290,23.8569,8.25
32.4639,27.9238,25.9464,24.6001,24.3645,23.8840,8.35
32.0286,27.9520,25.9827,24.6396,24.3586,23.8938,8.45
32.8800,27.9200,25.9980,24.6151,24.3794,23.8733,8.55
32.6560,27.9605,26.0420,24.6566,24.3883,23.9173,8.65
32.2685,28.0101,26.0332,24.6750,24.3373,23.9376,8.75
32.4975,27.9977,26.0408,24.6728,24.4088,23.9334,8.85
34.0989,28.1225,26.1046,24.7374,24.4506,23.9779,8.95
