u,g,r,i,z,y,time
32.2381,30.5240,29.4774,28.6841,28.2920,27.9391,0.05
34.3359,31.9715,30.2373,29.2384,28.5809,27.8546,0.15
35.6662,32.9735,30.6959,29.3917,28.8120,27.9716,0.25
36.0594,33.6689,31.2668,29.7876,28.8840,28.0052,0.35
36.1730,33.5585,31.3997,29.9998,29.0202,27.9848,0.45
38.1247,35.2923,31.7443,29.9929,29.1265,28.0947,0.55
-9999.0000,34.8947,31.9913,30.0762,29.2439,28.0830,0.65
-9999.0000,35.0685,32.3678,30.2467,29.3102,28.0793,0.75
-9999.0000,35.1745,32.2243,30.3726,29.4401,28.0741,0.85
-9999.0000,35.5740,32.2667,30.3822,29.4567,28.1407,0.95
-9999.0000,34.9965,32.9579,30.5225,29.4361,28.1637,1.05
-9999.0000,36.3488,32.7459,30.6266,29.5238,28.2366,1.15
-9999.0000,36.0594,32.8905,30.5837,29.6107,28.2834,1.25
-9999.0000,36.5108,33.0657,30.6169,29.5920,28.3753,1.35
-9999.0000,38.4933,33.1127,30.8576,29.7173,28.4184,1.45
-9999.0000,36.5408,33.1901,30.9642,29.7820,28.4448,1.55
-9999.0000,36.6162,33.3554,31.0291,29.8026,28.5573,1.65
-9999.0000,36.0464,33.6113,31.1877,29.8276,28.6250,1.75
-9999.0000,38.8808,33.5190,31.1918,29.9295,28.7480,1.85
-9999.0000,37.4596,33.9796,31.2407,29.9766,28.8401,1.95
-9999.0000,36.3427,34.1616,31.6087,29.9868,28.8373,2.05
-9999.0000,36.8812,33.8235,31.6215,30.1069,28.9804,2.15
-9999.0000,35.7862,34.1904,31.4783,30.2244,28.9836,2.25
-9999.0000,36.7902,33.9564,31.8705,30.1793,29.1585,2.35
-9999.0000,37.2743,34.7053,31.8476,30.2601,29.1901,2.45
-9999.0000,-9999.0000,34.3016,31.8682,30.2818,29.1925,2.55
-9999.0000,37.9009,34.7751,32.0784,30.4607,29.2566,2.65
-9999.0000,-9999.0000,34.8293,32.2195,30.5558,29.3871,2.75
-9999.0000,-9999.0000,34.4456,32.0654,30.5016,29.4920,2.85
-9999.0000,37.4324,34.5148,32.1383,30.5766,29.5612,2.95
-9999.0000,37.0388,34.4298,32.1322,30.6474,29.5506,3.05
-9999.0000,37.9027,34.5605,32.2819,30.7770,29.6799,3.15
-9999.0000,39.2958,34.6464,32.4313,30.7052,29.6874,3.25
-9999.0000,36.9877,34.7297,32.3070,30.7253,29.7943,3.35
-9999.0000,37.2171,34.7095,32.2134,30.8133,29.8505,3.45
-9999.0000,-9999.0000,34.4062,32.6420,30.9717,29.8699,3.55
-9999.0000,37.9906,35.7702,32.5883,31.0537,29.8837,3.65
-9999.0000,38.3362,34.9757,32.9327,30.8892,29.9232,3.75
-9999.0000,37.8886,34.9428,32.6951,30.8139,30.0127,3.85
-9999.0000,-9999.0000,35.5519,32.8338,31.0904,30.0196,3.95
-9999.0000,-9999.0000,35.3603,33.0701,31.1511,30.1873,4.05
-9999.0000,38.3420,34.6972,32.4654,31.1385,30.0739,4.15
-9999.0000,37.7058,34.7921,32.9650,31.3224,30.3045,4.25
-9999.0000,-9999.0000,35.3765,32.9672,31.3841,30.2879,4.35
-9999.0000,-9999.0000,34.9183,32.9415,31.3864,30.3112,4.45
-9999.0000,-9999.0000,34.9318,32.8798,31.4327,30.3425,4.55
-9999.0000,-9999.0000,35.1549,33.0701,31.5864,30.4339,4.65
-9999.0000,-9999.0000,35.2683,33.1154,31.3225,30.4136,4.75
-9999.0000,-9999.0000,35.1867,33.5775,31.6527,30.4983,4.85
-9999.0000,38.0327,35.4477,33.8391,31.6212,30.4643,4.95
-9999.0000,38.0879,34.8518,33.2599,31.7442,30.4874,5.05
-9999.0000,43.9097,35.5874,33.3612,31.5924,30.4563,5.15
-9999.0000,38.1395,35.1824,33.5080,31.5463,30.3850,5.25
-9999.0000,-9999.0000,35.1052,33.4462,31.7116,30.5077,5.35
-9999.0000,-9999.0000,35.0517,33.3921,31.7751,30.5085,5.45
-9999.0000,-9999.0000,35.6842,33.4057,31.8748,30.5929,5.55
-9999.0000,40.7848,35.9645,33.4136,31.7809,30.6067,5.65
-9999.0000,-9999.0000,35.5103,33.4661,31.7142,30.7422,5.75
-9999.0000,39.0933,35.4067,33.4231,31.8683,30.7668,5.85
-9999.0000,38.9124,35.1251,33.0670,31.7313,30.5633,5.95
-9999.0000,-9999.0000,35.2814,33.2530,31.8581,30.5955,6.05
-9999.0000,-9999.0000,35.2734,33.4955,32.0665,30.6849,6.15
-9999.0000,-9999.0000,35.3395,33.5984,32.0025,30.6816,6.25
-9999.0000,-9999.0000,35.5754,33.3516,32.0813,30.7905,6.35
-9999.0000,-9999.0000,35.6991,33.2515,32.0249,30.7753,6.45
-9999.0000,-9999.0000,35.1439,33.1508,32.0561,30.8720,6.55
-9999.0000,41.3145,35.9765,33.6826,31.9104,30.7810,6.65
-9999.0000,-9999.0000,35.2528,33.4573,32.0781,30.8269,6.75
-9999.0000,-9999.0000,35.5873,33.6356,31.7950,30.7706,6.85
-9999.0000,-9999.0000,35.4980,33.7004,31.9768,30.7922,6.95
-9999.0000,-9999.0000,35.1112,33.6330,32.1625,30.9391,7.05
-9999.0000,-9999.0000,36.2198,33.4430,32.1214,30.8681,7.15
-9999.0000,39.7291,35.4716,33.6520,32.0246,30.8049,7.25
-9999.0000,-9999.0000,35.2346,33.7029,31.9954,30.9229,7.35
-9999.0000,-9999.0000,35.8067,33.5769,32.1713,30.8904,7.45
-9999.0000,-9999.0000,35.6552,33.5263,32.1870,30.8883,7.55
-9999.0000,-9999.0000,35.5220,33.4806,32.1186,30.9634,7.65
-9999.0000,-9999.0000,35.9216,33.6017,32.0608,30.9549,7.75
-9999.0000,39.5585,35.8084,33.6678,32.3075,30.9687,7.85
-9999.0000,39.4362,35.6939,33.6972,32.1713,30.9147,7.95
-9999.0000,-9999.0000,35.4995,33.8723,32.1098,30.9347,8.05
-9999.0000,-9999.0000,35.5768,33.4317,32.4785,30.8090,8.15
-9999.0000,-9999.0000,36.5241,33.3189,32.3691,31.0516,8.25
-9999.0000,-9999.0000,35.6162,33.6004,32.3028,31.0297,8.35
-9999.0000,39.2365,35.5264,33.7398,32.1450,31.0444,8.45
-9999.0000,-9999.0000,36.2947,33.6664,32.3754,31.0064,8.55
-9999.0000,-9999.0000,36.5268,33.5274,32.3073,31.1784,8.65
-9999.0000,-9999.0000,36.1685,33.5518,32.3600,31.0596,8.75
-9999.0000,-9999.0000,35.8615,33.6776,32.3811,31.1228,8.85
-9999.0000,-9999.0000,37.2348,33.7067,32.2983,31.0718,8.95
