u,g,r,i,z,y,time
27.8249,26.1034,25.2856,25.3945,25.6609,25.7888,0.05
28.0373,26.0060,24.7367,24.8105,25.0904,25.2798,0.15
28.3267,26.3264,24.5250,24.5447,24.7497,24.9713,0.25
28.6653,26.7065,24.4612,24.3390,24.5594,24.7631,0.35
29.1060,26.9891,24.5267,24.1955,24.4116,24.5924,0.45
29.2831,27.2002,24.6657,24.1156,24.3242,24.4455,0.55
29.6480,27.4324,24.8623,24.0971,24.2751,24.3600,0.65
29.8330,27.6455,25.0942,24.1188,24.2378,24.2955,0.75
29.9831,27.7911,25.3240,24.1727,24.2086,24.2641,0.85
30.3520,27.9515,25.5274,24.2576,24.1882,24.2682,0.95
30.6457,28.0859,25.7066,24.3743,24.1969,24.2799,1.05
30.7814,28.2205,25.8430,24.4961,24.2417,24.2872,1.15
31.0069,28.3602,25.9981,24.6397,24.3132,24.3121,1.25
31.2308,28.4732,26.1351,24.7739,24.4128,24.3207,1.35
31.4403,28.6110,26.2785,24.9054,24.5358,24.3470,1.45
31.4745,28.7163,26.4126,25.0388,24.6726,24.3991,1.55
31.7894,28.8798,26.5520,25.1999,24.8310,24.4631,1.65
32.0967,29.0128,26.6755,25.3315,24.9547,24.5287,1.75
32.2805,29.1082,26.8181,25.4599,25.0847,24.5999,1.85
32.1065,29.2492,26.9508,25.5696,25.1839,24.6826,1.95
32.3704,29.3979,27.0945,25.6769,25.2807,24.7454,2.05
32.7138,29.4508,27.1676,25.7643,25.3235,24.8204,2.15
32.5159,29.6478,27.2770,25.8605,25.3783,24.9066,2.25
33.0443,29.6546,27.3887,25.9438,25.4463,24.9737,2.35
32.9087,29.7867,27.4815,26.0129,25.5132,25.0266,2.45
33.0061,29.8758,27.5954,26.0945,25.5565,25.1053,2.55
33.0335,30.0901,27.6733,26.1401,25.6287,25.1620,2.65
33.4379,30.0781,27.7428,26.2239,25.6790,25.2059,2.75
33.4789,30.2424,27.8065,26.3205,25.7016,25.2689,2.85
33.4758,30.3222,27.8795,26.3514,25.7445,25.3250,2.95
33.2464,30.3162,27.9671,26.4105,25.8158,25.3534,3.05
33.5686,30.3336,28.0388,26.4725,25.8585,25.3958,3.15
33.9757,30.5475,28.0515,26.5370,25.8932,25.4478,3.25
33.5997,30.5204,28.2012,26.5739,25.9546,25.4996,3.35
34.3028,30.5055,28.2139,26.6446,25.9763,25.5226,3.45
34.2969,30.6696,28.2145,26.6699,26.0058,25.5691,3.55
34.8044,30.7834,28.2779,26.7168,26.0604,25.5999,3.65
34.0997,30.7322,28.3172,26.7763,26.0987,25.6385,3.75
35.2241,30.8253,28.3745,26.8183,26.0928,25.6577,3.85
34.5402,30.8738,28.4159,26.8360,26.1649,25.7026,3.95
35.5374,30.8914,28.4488,26.8975,26.2172,25.7509,4.05
36.9004,30.8556,28.4922,26.9090,26.2281,25.7840,4.15
34.6655,30.9606,28.5271,26.9451,26.2718,25.8355,4.25
35.0183,30.9965,28.5586,27.0534,26.2937,25.8637,4.35
35.0064,31.1053,28.6173,27.0304,26.3333,25.8945,4.45
35.4152,31.2017,28.6227,27.0798,26.3890,25.8943,4.55
34.8564,31.2085,28.6666,27.1021,26.4073,25.9474,4.65
35.0878,31.2718,28.7347,27.1736,26.4375,25.9642,4.75
34.9738,31.3445,28.8077,27.1966,26.4669,26.0018,4.85
35.0728,31.4671,28.7895,27.2324,26.5138,26.0212,4.95
35.1624,31.3340,28.8441,27.2864,26.5325,26.0657,5.05
34.8678,31.3907,28.9190,27.3084,26.5639,26.0955,5.15
35.6139,31.5098,28.9148,27.3248,26.6039,26.1322,5.25
35.5519,31.5296,28.8712,27.3959,26.6331,26.1576,5.35
35.5446,31.6797,28.9288,27.3917,26.6720,26.1762,5.45
36.4799,31.6950,28.9304,27.4272,26.6976,26.2160,5.55
35.7030,31.8845,29.0118,27.4634,26.7404,26.2712,5.65
35.7809,31.7811,29.0765,27.5155,26.7451,26.2851,5.75
39.8508,31.7339,29.0366,27.5315,26.8064,26.3060,5.85
36.2680,31.6879,29.1176,27.5842,26.8397,26.3269,5.95
35.4501,31.7221,29.1374,27.6047,26.8363,26.3487,6.05
36.1167,31.9472,29.1502,27.6248,26.8783,26.3888,6.15
43.4542,31.9239,29.2267,27.6633,26.9306,26.4376,6.25
36.6692,31.9667,29.2139,27.7084,26.9495,26.4648,6.35
36.4150,32.1083,29.1847,27.7407,26.9670,26.5019,6.45
37.2676,32.2561,29.3055,27.7507,26.9907,26.5062,6.55
37.1866,32.1244,29.2941,27.7890,27.0452,26.5500,6.65
37.3404,32.3330,29.2923,27.8234,27.0740,26.5501,6.75
36.6680,32.1204,29.3764,27.8628,27.0866,26.6171,6.85
35.7428,32.2310,29.3986,27.8955,27.1057,26.6431,6.95
36.3337,32.3728,29.3915,27.8912,27.1475,26.6601,7.05
37.0908,32.2327,29.4314,27.9373,27.1737,26.6736,7.15
37.7412,32.3549,29.4903,27.9640,27.2185,26.7107,7.25
35.6697,32.3199,29.5349,27.9967,27.2390,26.7602,7.35
37.2329,32.4001,29.5342,28.0159,27.2934,26.7959,7.45
39.5348,32.4264,29.5525,28.0441,27.2603,26.7944,7.55
37.0548,32.6213,29.5644,28.0895,27.3411,26.8391,7.65
36.7301,32.6039,29.5850,28.0988,27.3485,26.8592,7.75
-9999.0000,32.5251,29.6352,28.1506,27.3562,26.8806,7.85
36.6796,32.6546,29.6921,28.1741,27.4165,26.9203,7.95
37.0794,32.6421,29.6437,28.1971,27.4483,26.9161,8.05
37.3888,32.6752,29.7130,28.2312,27.4362,27.0135,8.15
38.4843,32.7419,29.7077,28.2189,27.4984,26.9929,8.25
37.9661,32.7565,29.7458,28.2866,27.5412,27.0334,8.35
37.4388,33.1270,29.7687,28.3029,27.5800,27.0788,8.45
37.8579,32.9254,29.8297,28.3519,27.5711,27.0717,8.55
38.5657,32.8258,29.8441,28.3681,27.5921,27.0944,8.65
-9999.0000,33.0866,29.9045,28.3741,27.6349,27.1446,8.75
36.7715,32.9317,29.8757,28.3933,27.6505,27.1470,8.85
-9999.0000,32.9710,29.9172,28.4581,27.7055,27.1936,8.95
