u,g,r,i,z,y,time
32.1988,30.5486,29.6467,29.0046,28.9031,28.9763,0.05
32.7134,30.8136,29.7901,28.7768,28.3440,28.4308,0.15
32.9656,30.9652,29.9738,28.9004,28.1823,28.2197,0.25
33.5556,31.3026,30.1842,29.0757,28.2201,28.1203,0.35
34.2828,31.7136,30.3106,29.2145,28.3432,28.0932,0.45
34.8697,32.0395,30.6486,29.3882,28.3778,28.0707,0.55
35.2174,32.3289,30.8862,29.5539,28.5278,28.1373,0.65
35.7916,32.7474,31.0891,29.7361,28.6119,28.1939,0.75
37.0275,33.0080,31.3348,29.7417,28.6633,28.2586,0.85
37.7722,33.3714,31.5710,29.9904,28.8007,28.3357,0.95
38.9895,33.5966,31.8643,30.1653,28.9007,28.4277,1.05
-9999.0000,34.0112,31.9582,30.2406,28.9706,28.4536,1.15
37.1721,34.3309,32.1764,30.3768,28.9953,28.5303,1.25
-9999.0000,34.3236,32.3810,30.5027,29.0945,28.5727,1.35
37.0356,34.7877,32.7308,30.6489,29.1984,28.6633,1.45
-9999.0000,35.2638,32.8810,30.7235,29.2783,28.6836,1.55
-9999.0000,35.3317,33.0699,30.7862,29.3818,28.6962,1.65
-9999.0000,35.9881,33.3580,30.9413,29.4272,28.8198,1.75
-9999.0000,35.9554,33.4079,31.1379,29.5252,28.7701,1.85
40.7070,36.0194,33.4683,31.2767,29.6242,28.9051,1.95
53.8708,36.1388,33.7473,31.3508,29.7090,28.9108,2.05
-9999.0000,36.2165,33.8640,31.4394,29.7978,29.0033,2.15
-9999.0000,36.6764,34.1171,31.4460,29.8728,29.0463,2.25
-9999.0000,36.7796,34.4758,31.7060,29.9807,29.1499,2.35
-9999.0000,37.4681,34.3189,31.7661,30.0309,29.2238,2.45
-9999.0000,36.4480,34.4647,31.9744,30.1472,29.3127,2.55
-9999.0000,37.2615,34.9467,32.0679,30.2719,29.3172,2.65
-9999.0000,37.0267,34.4713,32.2534,30.3333,29.3943,2.75
-9999.0000,38.3448,35.6240,32.2376,30.4800,29.4373,2.85
-9999.0000,37.5085,35.5073,32.6670,30.6702,29.5948,2.95
-9999.0000,38.4239,35.9342,32.5385,30.7409,29.6883,3.05
-9999.0000,37.8461,36.2157,32.5683,30.7914,29.7485,3.15
-9999.0000,38.7085,35.4134,32.7945,30.9130,29.7109,3.25
-9999.0000,40.1183,35.2981,32.8231,30.9984,29.7771,3.35
-9999.0000,38.2990,35.9530,32.9197,31.1046,29.9355,3.45
-9999.0000,39.2305,35.8185,33.3624,31.2075,29.9605,3.55
-9999.0000,38.6252,35.6980,33.4245,31.1528,29.9198,3.65
-9999.0000,38.3778,35.8441,33.1256,31.3990,30.1101,3.75
-9999.0000,-9999.0000,36.1944,33.5061,31.5816,30.1881,3.85
-9999.0000,38.2796,36.4924,33.4676,31.4788,30.2471,3.95
-9999.0000,-9999.0000,36.2014,33.2044,31.5146,30.3057,4.05
-9999.0000,-9999.0000,36.1437,33.3935,31.6724,30.2948,4.15
-9999.0000,-9999.0000,36.9947,33.5730,31.7045,30.4686,4.25
-9999.0000,-9999.0000,36.7766,33.8403,31.8370,30.4661,4.35
-9999.0000,-9999.0000,36.2103,34.0960,31.7302,30.4944,4.45
-9999.0000,37.6283,40.3020,33.8719,32.0376,30.5235,4.55
-9999.0000,-9999.0000,36.4940,34.3517,32.0541,30.6977,4.65
-9999.0000,-9999.0000,36.3683,33.7831,32.2113,30.7269,4.75
-9999.0000,-9999.0000,36.9527,34.3574,32.2028,30.6403,4.85
-9999.0000,-9999.0000,37.8349,34.5335,32.3897,30.6682,4.95
-9999.0000,-9999.0000,39.2202,34.0632,32.3079,30.8811,5.05
-9999.0000,39.7951,40.0561,34.0297,32.1956,30.8939,5.15
-9999.0000,-9999.0000,37.3752,34.6341,32.2784,30.9358,5.25
-9999.0000,-9999.0000,37.8608,35.5273,32.3562,31.0015,5.35
-9999.0000,-9999.0000,36.6807,34.6944,32.4834,30.8676,5.45
-9999.0000,38.5224,37.2542,34.3742,32.5049,30.9320,5.55
-9999.0000,41.7375,37.3699,34.4557,32.6385,31.0360,5.65
-9999.0000,-9999.0000,38.0389,34.5581,32.8178,31.1344,5.75
-9999.0000,-9999.0000,39.4053,34.7134,32.5640,31.1360,5.85
-9999.0000,-9999.0000,37.6414,34.9599,32.7988,31.1876,5.95
-9999.0000,-9999.0000,37.9680,34.8276,32.5608,31.1266,6.05
-9999.0000,-9999.0000,37.4043,34.8863,33.1031,31.1955,6.15
-9999.0000,-9999.0000,38.1699,34.7092,33.2632,31.3544,6.25
-9999.0000,-9999.0000,36.8380,34.3173,33.1290,31.4269,6.35
-9999.0000,-9999.0000,38.3520,34.6645,32.9744,31.5278,6.45
-9999.0000,38.7699,40.7096,34.8670,32.6954,31.4302,6.55
-9999.0000,-9999.0000,-9999.0000,34.7372,33.0392,31.4788,6.65
-9999.0000,-9999.0000,37.6884,35.2615,33.0045,31.3631,6.75
-9999.0000,-9999.0000,-9999.0000,34.9504,33.2573,31.5719,6.85
-9999.0000,-9999.0000,38.7542,35.0033,33.2701,31.7812,6.95
-9999.0000,-9999.0000,38.1205,35.3101,33.2631,31.7102,7.05
-9999.0000,40.8853,37.5098,34.9228,33.1915,31.5558,7.15
-9999.0000,-9999.0000,37.1155,34.9857,32.9121,31.8475,7.25
-9999.0000,-9999.0000,40.3191,34.9799,33.2999,31.7226,7.35
-9999.0000,-9999.0000,37.2345,34.7012,33.3052,31.7223,7.45
-9999.0000,-9999.0000,37.0936,35.1076,33.4421,31.6482,7.55
-9999.0000,-9999.0000,-9999.0000,34.9882,33.3221,31.7167,7.65
-9999.0000,-9999.0000,38.4321,34.8869,33.5869,31.8643,7.75
-9999.0000,-9999.0000,37.1061,34.9005,33.3773,31.6610,7.85
-9999.0000,-9999.0000,38.1269,34.9378,33.5305,31.9829,7.95
-9999.0000,-9999.0000,36.9293,35.1450,33.1566,31.8084,8.05
-9999.0000,-9999.0000,37.1836,34.8717,33.5016,31.8497,8.15
-9999.0000,-9999.0000,38.0259,35.1836,33.1830,31.8548,8.25
-9999.0000,-9999.0000,53.7111,34.7017,33.4628,31.9153,8.35
-9999.0000,-9999.0000,41.3137,34.9344,33.1576,31.9440,8.45
-9999.0000,-9999.0000,38.7702,34.8592,33.3776,31.9149,8.55
-9999.0000,-9999.0000,37.0856,35.0549,33.6365,31.9170,8.65
-9999.0000,-9999.0000,38.5644,35.3857,33.2590,31.9114,8.75
-9999.0000,-9999.0000,37.7303,35.3416,33.4585,31.9315,8.85
-9999.0000,-9999.0000,38.3117,34.8600,33.0683,32.0307,8.95
