u,g,r,i,z,y,time
28.0062,27.5050,27.3503,27.1431,27.1757,27.4096,0.05
27.5766,26.8004,26.5063,26.3450,26.3740,26.6319,0.15
27.6204,26.5409,26.0971,25.9041,25.8682,26.1850,0.25
27.6015,26.3431,25.7696,25.6072,25.5586,25.8485,0.35
27.7301,26.2826,25.5664,25.3496,25.3066,25.6308,0.45
27.9556,26.2733,25.3694,25.1514,25.0946,25.4165,0.55
28.0090,26.2350,25.2017,25.0045,24.9444,25.2764,0.65
28.1071,26.2875,25.1059,24.8830,24.8152,25.1351,0.75
28.1900,26.3352,25.0490,24.7659,24.7207,25.0494,0.85
28.3274,26.3790,25.0148,24.6922,24.6342,24.9328,0.95
28.4191,26.4205,24.9688,24.6257,24.5522,24.8642,1.05
28.4789,26.5048,24.9569,24.5592,24.4916,24.7991,1.15
28.6694,26.5849,24.9775,24.4841,24.4540,24.7426,1.25
28.8568,26.6772,24.9979,24.4629,24.3882,24.6728,1.35
28.8541,26.6883,25.0251,24.4197,24.3595,24.6604,1.45
29.0011,26.7453,25.0939,24.4169,24.3601,24.6245,1.55
29.2298,26.9310,25.1352,24.3679,24.2948,24.5841,1.65
29.1470,26.8610,25.1943,24.3848,24.3345,24.5582,1.75
29.2753,27.0040,25.2959,24.3793,24.2720,24.5226,1.85
29.2478,26.9731,25.3175,24.3933,24.2835,24.5281,1.95
29.4532,27.1204,25.4696,24.3790,24.2617,24.4833,2.05
29.3696,27.0525,25.5043,24.4231,24.2933,24.5065,2.15
29.4799,27.2197,25.6882,24.4200,24.2263,24.4637,2.25
29.4212,27.1202,25.7205,24.4750,24.3025,24.4796,2.35
29.6984,27.3010,25.9670,24.4804,24.2386,24.4650,2.45
29.7731,27.3026,26.0550,24.5237,24.2618,24.4732,2.55
29.8164,27.3258,26.1377,24.5650,24.2694,24.4838,2.65
29.9352,27.4872,26.4250,24.5979,24.2514,24.4550,2.75
29.9570,27.4498,26.4286,24.6502,24.3141,24.5005,2.85
30.3347,27.6184,26.6650,24.7116,24.3354,24.5105,2.95
30.5575,27.7183,26.7732,24.7710,24.2899,24.4904,3.05
30.3085,27.7033,26.7277,24.8302,24.3599,24.5156,3.15
30.6814,27.8428,26.9336,24.9354,24.4135,24.5550,3.25
31.0435,28.0440,27.1058,25.0096,24.3981,24.6075,3.35
30.7688,28.0864,27.0276,25.0802,24.4554,24.5866,3.45
31.1632,28.1227,27.1039,25.1406,24.4991,24.6124,3.55
31.5543,28.4213,27.3458,25.3373,24.5627,24.7169,3.65
31.6296,28.4697,27.3850,25.4143,24.6444,24.7825,3.75
31.2907,28.4401,27.3475,25.4428,24.6728,24.7837,3.85
32.3668,28.6045,27.5596,25.5602,24.7248,24.8295,3.95
32.1682,28.8338,27.6821,25.7709,24.8145,24.9625,4.05
32.4277,28.9179,27.7553,25.8751,24.9108,25.0549,4.15
32.5153,28.9667,27.7547,25.9136,24.9158,25.0479,4.25
32.2875,29.1384,27.9580,25.9712,24.9551,25.0545,4.35
32.7231,29.4842,28.1687,26.1520,25.0907,25.1736,4.45
33.7578,29.4588,28.2331,26.2973,25.2615,25.3044,4.55
32.9424,29.4931,28.2303,26.3568,25.3087,25.3332,4.65
33.0946,29.5560,28.3170,26.3734,25.3132,25.3598,4.75
34.2856,29.8707,28.5885,26.4925,25.3744,25.4176,4.85
34.4177,30.0115,28.6653,26.6118,25.5145,25.5208,4.95
34.2414,30.1962,28.8712,26.6926,25.6745,25.6031,5.05
34.1241,30.2118,28.8429,26.7649,25.7403,25.6600,5.15
33.9252,30.3074,28.9029,26.7943,25.7761,25.6593,5.25
34.4892,30.5965,29.2088,26.8965,25.8147,25.7053,5.35
36.3665,30.7564,29.2410,26.9853,25.9221,25.8118,5.45
34.8978,30.9799,29.3710,27.0571,26.0173,25.8916,5.55
35.9112,31.0090,29.4235,27.1791,26.0936,25.9085,5.65
36.6799,30.9947,29.3566,27.2472,26.1813,25.9422,5.75
34.6938,31.4423,29.6657,27.2707,26.1372,25.9868,5.85
37.1816,31.4853,29.8824,27.3961,26.2206,26.0359,5.95
35.9837,31.9342,30.0231,27.5304,26.3704,26.1295,6.05
38.8017,31.5575,29.9796,27.5541,26.4556,26.2017,6.15
42.5618,31.8549,30.0860,27.6734,26.4900,26.2514,6.25
-9999.0000,31.8180,30.1257,27.6952,26.5261,26.2974,6.35
-9999.0000,31.9539,30.3157,27.7453,26.5977,26.3136,6.45
-9999.0000,32.1607,30.4058,27.8917,26.5904,26.3456,6.55
38.4001,32.5513,30.5901,28.0110,26.7286,26.4609,6.65
38.0257,32.2188,30.5620,28.0961,26.8861,26.5063,6.75
36.2434,32.7349,30.7359,28.2110,26.8622,26.5758,6.85
-9999.0000,32.8183,30.5830,28.1603,27.0060,26.6208,6.95
35.4691,32.5072,30.8343,28.2257,26.9801,26.6353,7.05
38.5624,32.9353,30.8756,28.3853,26.9946,26.7147,7.15
-9999.0000,33.0302,31.0370,28.3990,26.9935,26.7094,7.25
-9999.0000,33.1685,31.0991,28.4565,27.0837,26.7356,7.35
-9999.0000,33.2406,31.3454,28.6852,27.2579,26.8365,7.45
-9999.0000,33.1907,31.2107,28.5974,27.3048,26.8776,7.55
-9999.0000,33.4902,31.1962,28.6950,27.3336,26.9389,7.65
-9999.0000,34.0130,31.5567,28.6685,27.3686,26.9455,7.75
-9999.0000,33.8216,31.3907,28.7394,27.3545,26.9606,7.85
-9999.0000,33.3563,31.5357,28.7556,27.4135,26.9575,7.95
-9999.0000,34.0212,31.6958,28.7838,27.4244,27.0426,8.05
-9999.0000,34.0972,31.8372,29.0108,27.5212,27.0836,8.15
-9999.0000,34.0871,31.9518,28.9756,27.6173,27.1668,8.25
-9999.0000,34.3079,32.1158,29.1100,27.6322,27.1676,8.35
-9999.0000,34.2280,31.7491,29.1105,27.6989,27.2348,8.45
-9999.0000,34.6842,32.0041,29.0060,27.7137,27.2396,8.55
-9999.0000,34.5367,32.0870,29.0830,27.6688,27.2516,8.65
-9999.0000,34.9345,32.0254,29.2387,27.7447,27.2501,8.75
-9999.0000,35.3064,32.2571,29.1738,27.8124,27.3174,8.85
-9999.0000,34.1718,32.2416,29.3879,27.8537,27.3560,8.95
