u,g,r,i,z,y,time
30.2504,29.0747,28.0246,27.6503,27.2518,27.1989,0.05
31.9441,30.0879,28.6957,27.9724,27.3905,26.9085,0.15
32.9259,31.0725,29.2638,28.2559,27.4301,26.8664,0.25
34.4689,31.6539,29.6723,28.4674,27.5461,26.8661,0.35
37.7036,32.5166,29.9070,28.6485,27.6253,26.9232,0.45
-9999.0000,32.6839,30.2990,28.6385,27.6895,26.8888,0.55
35.3021,33.0772,30.3978,28.8970,27.7200,26.8664,0.65
-9999.0000,32.7847,30.6566,28.9957,27.7985,26.8288,0.75
37.7427,33.8421,30.6051,29.0918,27.7897,26.8022,0.85
-9999.0000,33.6976,30.9086,29.1083,27.8806,26.7979,0.95
-9999.0000,33.8325,30.8228,29.1818,27.8862,26.8128,1.05
-9999.0000,34.8406,31.1100,29.2154,28.0115,26.8328,1.15
-9999.0000,34.0731,31.2301,29.3626,28.0247,26.7935,1.25
37.2914,34.6333,31.2215,29.4254,28.1170,26.8000,1.35
-9999.0000,33.9578,31.2009,29.3133,28.0927,26.8819,1.45
40.1896,34.9620,31.4696,29.4848,28.1776,26.9030,1.55
38.2814,35.6798,31.7736,29.5524,28.1811,26.9490,1.65
-9999.0000,35.0953,31.3078,29.6613,28.2186,26.9520,1.75
-9999.0000,34.8797,31.8814,29.6793,28.3080,27.0166,1.85
-9999.0000,35.2026,31.8457,29.7249,28.4654,27.0020,1.95
-9999.0000,35.6595,31.9703,29.6162,28.4895,27.0833,2.05
37.8717,35.5121,31.6316,29.9073,28.5112,27.0988,2.15
-9999.0000,41.0429,32.1284,29.8716,28.6893,27.2038,2.25
-9999.0000,35.4955,32.0834,29.8041,28.6196,27.2285,2.35
36.8930,35.0900,32.3752,30.0452,28.7260,27.3196,2.45
-9999.0000,36.8928,32.6452,29.9607,28.8295,27.3111,2.55
-9999.0000,-9999.0000,32.8991,30.0227,28.8981,27.3470,2.65
-9999.0000,36.5738,32.3761,30.2482,28.9551,27.4574,2.75
-9999.0000,37.1640,32.6870,30.3398,28.8991,27.5279,2.85
-9999.0000,36.2109,32.7273,30.2011,28.9178,27.5457,2.95
-9999.0000,35.3414,32.7362,30.3098,29.1743,27.6611,3.05
-9999.0000,39.4223,33.0073,30.4564,29.1257,27.7131,3.15
-9999.0000,35.6532,33.0360,30.6075,29.1545,27.7044,3.25
-9999.0000,38.7747,32.8736,30.6014,29.3847,27.7274,3.35
-9999.0000,37.0018,32.8560,30.6404,29.2639,27.8329,3.45
-9999.0000,35.8186,33.3293,30.4270,29.3946,27.9178,3.55
-9999.0000,-9999.0000,32.8669,30.8962,29.5618,27.8962,3.65
-9999.0000,35.7604,33.4587,30.8740,29.6197,28.0039,3.75
-9999.0000,35.9223,33.6687,30.6980,29.5781,28.0953,3.85
-9999.0000,39.7805,33.0242,30.6159,29.6207,28.1244,3.95
-9999.0000,-9999.0000,33.5041,30.9482,29.3969,28.2110,4.05
-9999.0000,37.8533,33.0798,31.0532,29.6808,28.1040,4.15
-9999.0000,35.5849,32.9899,30.8098,29.6461,28.2568,4.25
-9999.0000,-9999.0000,33.8782,30.9660,29.8157,28.2929,4.35
-9999.0000,37.4082,33.5701,31.0819,29.7113,28.3953,4.45
-9999.0000,36.5954,33.7295,31.0836,29.7558,28.4190,4.55
-9999.0000,36.5449,33.4117,31.1915,29.7418,28.4602,4.65
-9999.0000,-9999.0000,33.1588,31.1197,29.7628,28.5781,4.75
-9999.0000,36.8111,33.8488,31.4369,29.8018,28.6408,4.85
-9999.0000,36.9100,33.0884,31.4355,29.8810,28.6545,4.95
-9999.0000,35.8902,33.5237,31.6200,29.9755,28.6604,5.05
-9999.0000,36.1767,33.6996,31.4987,29.8277,28.6789,5.15
-9999.0000,37.0679,34.0376,31.7246,30.0209,28.6490,5.25
-9999.0000,-9999.0000,33.3093,31.6218,29.9723,28.8110,5.35
-9999.0000,-9999.0000,33.8427,31.6962,30.0158,28.7611,5.45
-9999.0000,36.1851,34.1396,31.7212,29.9247,28.8891,5.55
-9999.0000,-9999.0000,33.8050,31.6367,29.9677,28.8413,5.65
-9999.0000,37.3468,34.0113,31.6378,30.1661,29.0184,5.75
-9999.0000,36.4306,34.0503,31.7665,30.1022,28.9641,5.85
-9999.0000,-9999.0000,33.6976,31.7781,30.2013,29.1051,5.95
-9999.0000,40.2390,34.2641,31.8819,30.1696,29.1959,6.05
-9999.0000,39.4183,33.5598,31.8074,30.4645,29.2265,6.15
-9999.0000,38.7650,33.4517,31.7887,30.1532,29.0931,6.25
-9999.0000,41.9757,34.0350,32.0975,30.3509,29.2670,6.35
-9999.0000,37.6476,33.9350,31.8262,30.1782,29.3563,6.45
-9999.0000,-9999.0000,33.8185,32.4638,30.4681,29.2782,6.55
-9999.0000,-9999.0000,33.8370,31.9067,30.5116,29.2518,6.65
-9999.0000,37.3890,33.5531,31.9951,30.3531,29.3249,6.75
-9999.0000,37.2459,34.4520,31.6993,30.2215,29.3637,6.85
-9999.0000,-9999.0000,34.0539,32.0156,30.3010,29.3928,6.95
-9999.0000,-9999.0000,33.9227,31.9565,30.3307,29.3746,7.05
-9999.0000,38.6594,34.5374,32.1195,30.3101,29.4008,7.15
-9999.0000,36.4300,34.0322,31.9971,30.4525,29.4805,7.25
-9999.0000,36.7794,34.1449,32.0870,30.4122,29.5289,7.35
-9999.0000,37.1434,34.3877,32.0870,30.3559,29.5477,7.45
-9999.0000,37.7554,34.0484,31.8066,30.5239,29.5105,7.55
-9999.0000,37.6092,34.0226,31.9975,30.4129,29.6113,7.65
-9999.0000,39.8593,34.0483,32.3163,30.4514,29.5036,7.75
-9999.0000,-9999.0000,33.7764,32.0565,30.4480,29.5530,7.85
-9999.0000,40.9062,34.0502,32.5581,30.5471,29.5192,7.95
-9999.0000,37.3440,33.9740,32.1851,30.4295,29.5070,8.05
-9999.0000,37.0098,34.5551,32.1709,30.5491,29.6307,8.15
-9999.0000,37.1246,33.9190,32.4489,30.5563,29.6077,8.25
-9999.0000,38.6930,33.6452,32.1077,30.7374,29.5248,8.35
-9999.0000,37.6927,34.0263,32.1100,30.8067,29.5615,8.45
-9999.0000,37.4912,34.1138,32.0674,30.5361,29.6473,8.55
-9999.0000,40.1503,34.0393,32.1298,30.6122,29.5963,8.65
-9999.0000,38.3580,34.2552,32.2994,30.7759,29.6305,8.75
-9999.0000,37.9568,34.1565,31.9971,30.7141,29.6787,8.85
-9999.0000,38.2593,34.1870,32.3427,30.6922,29.8044,8.95
