u,g,r,i,z,y,time
31.7985,29.9499,27.2937,26.7489,26.8625,26.9675,0.05
32.2268,30.2792,27.7805,26.7009,26.6630,26.7922,0.15
32.8479,30.6566,28.4128,27.0508,26.7028,26.7638,0.25
33.4221,31.0283,28.8536,27.4984,27.0294,26.8239,0.35
33.8757,31.3712,29.2615,27.9099,27.4194,27.0863,0.45
34.3327,31.6888,29.6224,28.2228,27.7199,27.4001,0.55
34.5111,31.9425,29.9202,28.4841,27.9534,27.6282,0.65
34.8592,32.1812,30.1657,28.7167,28.1410,27.8077,0.75
35.3296,32.3921,30.3838,28.9122,28.3036,27.9708,0.85
35.6400,32.6166,30.5408,29.1069,28.4558,28.1162,0.95
36.0238,32.7392,30.6788,29.2756,28.6070,28.2337,1.05
36.2859,32.9193,30.8125,29.4351,28.7596,28.3506,1.15
36.8256,33.1297,30.9229,29.5802,28.8628,28.4728,1.25
37.1218,33.2671,31.0387,29.7025,29.0133,28.6163,1.35
37.1755,33.3767,31.1169,29.8146,29.1258,28.7237,1.45
37.8251,33.5558,31.2318,29.9237,29.2383,28.8359,1.55
37.7745,33.6984,31.3147,30.0274,29.3586,28.9336,1.65
38.2684,33.8565,31.3770,30.1424,29.4317,29.0429,1.75
38.2628,34.0186,31.5111,30.2303,29.5398,29.1282,1.85
38.6759,34.1527,31.5812,30.2974,29.6403,29.2295,1.95
38.6585,34.3466,31.6540,30.3945,29.7427,29.3035,2.05
40.0973,34.5012,31.7402,30.4499,29.8140,29.3996,2.15
40.2093,34.5611,31.8286,30.5252,29.9073,29.4972,2.25
40.5457,34.7383,31.8653,30.5891,29.9830,29.5772,2.35
40.0440,34.9065,31.9649,30.6695,30.0661,29.6596,2.45
40.9710,34.9332,32.0573,30.7408,30.1270,29.7284,2.55
39.1597,35.1031,32.1229,30.8193,30.2126,29.8218,2.65
40.4898,35.1716,32.1943,30.8524,30.2801,29.8960,2.75
39.6031,35.3593,32.2533,30.9420,30.3301,29.9585,2.85
40.4246,35.5864,32.3666,30.9851,30.3987,30.0457,2.95
40.9906,35.6074,32.4387,31.0671,30.4652,30.1200,3.05
-9999.0000,35.8745,32.5027,31.1195,30.5167,30.1822,3.15
42.6454,35.8181,32.5785,31.1931,30.5958,30.2432,3.25
42.5033,36.1214,32.6564,31.2607,30.6540,30.3026,3.35
42.7647,36.1269,32.7720,31.2963,30.7083,30.3585,3.45
41.6603,36.2631,32.8307,31.3887,30.7840,30.4257,3.55
40.9557,36.4147,32.9259,31.4289,30.8066,30.4912,3.65
41.5775,36.4681,32.9983,31.4920,30.8686,30.5355,3.75
43.3005,36.7091,33.0410,31.5542,30.9497,30.6014,3.85
40.5282,37.0838,33.1447,31.5937,31.0018,30.6488,3.95
-9999.0000,36.9512,33.1767,31.6864,31.0739,30.7225,4.05
-9999.0000,37.0510,33.3328,31.7357,31.1017,30.7759,4.15
-9999.0000,37.2072,33.3962,31.7922,31.1836,30.8563,4.25
43.9448,37.3496,33.4658,31.8557,31.2489,30.9321,4.35
41.9375,37.4456,33.5304,31.9463,31.2954,30.9658,4.45
-9999.0000,37.7632,33.6483,32.0086,31.3612,31.0135,4.55
42.2896,37.7448,33.7442,32.0767,31.4111,31.0655,4.65
-9999.0000,38.0313,33.8384,32.0970,31.4315,31.1155,4.75
44.7122,38.0613,33.8800,32.2282,31.5041,31.1750,4.85
-9999.0000,38.0186,33.9979,32.2846,31.5539,31.2160,4.95
-9999.0000,38.2388,34.0853,32.3125,31.5960,31.2980,5.05
-9999.0000,38.4865,34.1608,32.3990,31.6719,31.3501,5.15
43.0550,38.7670,34.2304,32.4674,31.7481,31.3838,5.25
-9999.0000,38.8898,34.4174,32.5086,31.7976,31.4456,5.35
-9999.0000,38.7177,34.4528,32.5725,31.7819,31.4805,5.45
-9999.0000,38.7696,34.5673,32.6346,31.8771,31.5720,5.55
-9999.0000,38.9286,34.6937,32.6818,31.9393,31.6044,5.65
-9999.0000,39.4479,34.7056,32.7787,32.0163,31.6679,5.75
-9999.0000,38.8936,34.8458,32.8200,32.0640,31.7304,5.85
-9999.0000,39.6874,34.9372,32.9278,32.1444,31.7631,5.95
-9999.0000,39.9620,35.0524,32.9997,32.1921,31.8241,6.05
-9999.0000,39.5703,35.1338,33.0759,32.2082,31.9192,6.15
-9999.0000,40.2700,35.2930,33.1309,32.3001,31.9629,6.25
-9999.0000,40.2238,35.3435,33.1964,32.3593,31.9739,6.35
-9999.0000,40.0534,35.4494,33.3510,32.4373,32.0656,6.45
-9999.0000,39.8302,35.5058,33.3249,32.4609,32.0920,6.55
-9999.0000,40.5640,35.7277,33.4180,32.5299,32.1714,6.65
-9999.0000,40.2637,35.7655,33.5492,32.6140,32.2484,6.75
-9999.0000,41.0467,35.8781,33.5904,32.6496,32.2646,6.85
-9999.0000,41.4387,35.9539,33.6665,32.7003,32.3196,6.95
-9999.0000,40.5589,35.9184,33.7933,32.7863,32.3739,7.05
-9999.0000,40.8259,36.2237,33.8439,32.8066,32.4724,7.15
-9999.0000,41.5366,36.3286,33.9552,32.9264,32.4907,7.25
-9999.0000,41.3545,36.3839,33.9935,32.9428,32.5837,7.35
-9999.0000,41.1628,36.4285,34.1120,33.0234,32.6047,7.45
-9999.0000,40.9507,36.6572,34.2259,33.0598,32.6738,7.55
-9999.0000,43.9759,36.7427,34.2777,33.1312,32.7238,7.65
-9999.0000,41.8050,36.8217,34.2758,33.2057,32.7328,7.75
-9999.0000,44.1060,36.9765,34.4094,33.2640,32.8464,7.85
-9999.0000,41.6846,37.1301,34.4839,33.3007,32.8984,7.95
-9999.0000,43.8598,37.1308,34.6345,33.4178,32.9707,8.05
-9999.0000,41.8819,37.2610,34.6797,33.4694,32.9892,8.15
-9999.0000,44.7069,37.4465,34.8055,33.5296,33.0760,8.25
-9999.0000,41.7820,37.4367,34.8048,33.5849,33.1492,8.35
-9999.0000,43.0788,37.7796,34.9755,33.6994,33.1823,8.45
-9999.0000,42.8844,37.9791,35.0326,33.8150,33.2293,8.55
-9999.0000,42.8097,37.8048,35.1136,33.8170,33.3712,8.65
-9999.0000,42.9031,37.6307,35.1768,33.8460,33.3717,8.75
-9999.0000,42.2567,37.8175,35.2898,34.0117,33.4741,8.85
-9999.0000,42.3381,38.0866,35.4058,34.0700,33.5429,8.95
