u,g,r,i,z,y,time
37.7932,35.3647,33.7818,33.0933,32.0862,31.6651,0.05
40.5952,36.8898,34.7199,33.5065,32.5344,31.7957,0.15
-9999.0000,38.6177,35.6984,34.3097,32.9178,32.1421,0.25
-9999.0000,40.6304,36.6425,34.9338,33.3791,32.4671,0.35
-9999.0000,39.6924,37.5211,35.4535,33.8218,32.7464,0.45
-9999.0000,-9999.0000,37.8668,35.7820,34.1474,32.9254,0.55
-9999.0000,41.1181,37.9193,36.3102,34.3883,33.0809,0.65
-9999.0000,-9999.0000,39.0332,36.6899,34.7536,33.2121,0.75
-9999.0000,-9999.0000,38.8069,36.9608,34.9068,33.3524,0.85
-9999.0000,-9999.0000,39.2228,37.3160,35.1214,33.5223,0.95
-9999.0000,-9999.0000,39.8963,37.8641,35.2126,33.6957,1.05
-9999.0000,-9999.0000,40.6778,37.5295,35.8035,33.8819,1.15
-9999.0000,-9999.0000,39.7033,37.8874,35.5871,34.0340,1.25
-9999.0000,-9999.0000,-9999.0000,38.9284,35.8656,34.1346,1.35
-9999.0000,-9999.0000,-9999.0000,37.6091,35.8956,34.2216,1.45
-9999.0000,-9999.0000,41.5208,38.5608,35.9417,34.3009,1.55
-9999.0000,-9999.0000,42.5820,38.2242,36.3255,34.3679,1.65
-9999.0000,-9999.0000,40.3845,37.7618,36.1986,34.5168,1.75
-9999.0000,-9999.0000,44.0414,38.2852,36.0645,34.7457,1.85
-9999.0000,-9999.0000,-9999.0000,38.1422,36.5633,34.5822,1.95
-9999.0000,-9999.0000,40.6392,37.7884,36.2625,34.6232,2.05
-9999.0000,-9999.0000,40.6551,39.4076,36.4717,34.7144,2.15
-9999.0000,-9999.0000,-9999.0000,39.0211,36.3041,34.7614,2.25
-9999.0000,-9999.0000,40.6480,38.8477,36.5059,34.8942,2.35
-9999.0000,-9999.0000,-9999.0000,37.9746,36.2964,34.7345,2.45
-9999.0000,-9999.0000,40.9542,38.8706,36.6185,34.9859,2.55
-9999.0000,-9999.0000,40.0158,38.5722,36.2289,34.8564,2.65
-9999.0000,-9999.0000,-9999.0000,38.0760,36.4665,34.9347,2.75
-9999.0000,-9999.0000,40.3138,37.8516,36.8470,34.8799,2.85
-9999.0000,-9999.0000,41.3617,37.8645,36.4538,34.8624,2.95
-9999.0000,-9999.0000,-9999.0000,38.5104,36.3705,34.8476,3.05
-9999.0000,-9999.0000,40.9184,37.7555,36.8118,34.9924,3.15
-9999.0000,-9999.0000,42.0166,38.1544,36.1304,34.9108,3.25
-9999.0000,-9999.0000,-9999.0000,37.8959,36.3364,34.8604,3.35
-9999.0000,-9999.0000,-9999.0000,37.9776,36.4473,35.0049,3.45
-9999.0000,-9999.0000,46.7846,37.9270,36.4545,34.8852,3.55
-9999.0000,-9999.0000,-9999.0000,37.8442,36.5488,34.8586,3.65
-9999.0000,-9999.0000,40.4866,37.9288,36.5881,34.8378,3.75
-9999.0000,-9999.0000,-9999.0000,37.9661,36.4100,34.9720,3.85
-9999.0000,-9999.0000,40.9919,38.1541,36.1267,35.0254,3.95
-9999.0000,-9999.0000,40.8073,38.1306,36.2364,34.8921,4.05
-9999.0000,-9999.0000,40.9996,38.0127,36.0680,34.7873,4.15
-9999.0000,-9999.0000,41.1801,39.2031,36.2960,34.6921,4.25
-9999.0000,-9999.0000,41.6241,37.5615,36.2690,34.9055,4.35
-9999.0000,-9999.0000,-9999.0000,37.9950,36.1925,34.8847,4.45
-9999.0000,-9999.0000,41.2845,38.3982,36.2046,34.8499,4.55
-9999.0000,-9999.0000,-9999.0000,38.2633,36.1574,34.9412,4.65
-9999.0000,-9999.0000,41.1601,37.9940,36.2857,35.0105,4.75
-9999.0000,-9999.0000,-9999.0000,37.4997,36.1991,35.0092,4.85
-9999.0000,-9999.0000,41.2923,37.6460,36.3548,35.0341,4.95
-9999.0000,-9999.0000,42.7970,37.9301,36.5818,34.8402,5.05
-9999.0000,-9999.0000,40.8554,37.5646,36.4954,34.9269,5.15
-9999.0000,-9999.0000,43.5626,37.7868,36.2465,34.9276,5.25
-9999.0000,-9999.0000,-9999.0000,38.4125,36.2024,34.8553,5.35
-9999.0000,-9999.0000,-9999.0000,38.0937,36.2770,34.7498,5.45
-9999.0000,-9999.0000,40.1265,37.9557,36.4171,34.9288,5.55
-9999.0000,-9999.0000,47.1730,38.4006,36.3051,34.8222,5.65
-9999.0000,-9999.0000,-9999.0000,37.6443,36.4316,34.8240,5.75
-9999.0000,-9999.0000,41.4746,38.0493,36.3085,34.8974,5.85
-9999.0000,-9999.0000,-9999.0000,37.9577,36.1536,34.9097,5.95
-9999.0000,-9999.0000,-9999.0000,38.5299,36.1643,34.9761,6.05
-9999.0000,-9999.0000,42.2802,38.0398,36.3878,35.0127,6.15
-9999.0000,-9999.0000,-9999.0000,38.0839,36.1869,34.8370,6.25
-9999.0000,-9999.0000,41.1604,38.3870,36.0892,34.9295,6.35
-9999.0000,-9999.0000,42.5658,38.3177,36.0990,34.9073,6.45
-9999.0000,-9999.0000,-9999.0000,37.9264,36.1160,34.9230,6.55
-9999.0000,-9999.0000,-9999.0000,37.8785,36.0627,34.9760,6.65
-9999.0000,-9999.0000,41.6449,38.2795,36.3655,35.0488,6.75
-9999.0000,-9999.0000,-9999.0000,38.4207,36.0045,34.9421,6.85
-9999.0000,-9999.0000,42.9464,38.2085,36.5437,35.1640,6.95
-9999.0000,-9999.0000,43.9614,38.2163,36.0617,34.8983,7.05
-9999.0000,-9999.0000,42.3159,38.1490,36.2014,35.0714,7.15
-9999.0000,-9999.0000,40.6052,38.1297,36.3938,34.9961,7.25
-9999.0000,-9999.0000,41.4843,38.0006,36.3567,35.0063,7.35
-9999.0000,-9999.0000,42.7305,38.1754,36.0726,34.9248,7.45
-9999.0000,-9999.0000,-9999.0000,38.0221,36.1687,35.2858,7.55
-9999.0000,-9999.0000,41.6460,38.5665,36.0374,35.1592,7.65
-9999.0000,-9999.0000,-9999.0000,37.9246,36.3371,35.0122,7.75
-9999.0000,-9999.0000,-9999.0000,37.8515,36.2051,35.1904,7.85
-9999.0000,-9999.0000,43.2814,38.0340,36.1356,35.1214,7.95
-9999.0000,-9999.0000,-9999.0000,38.5405,36.2477,35.3853,8.05
-9999.0000,-9999.0000,41.6847,38.0350,36.0704,35.1791,8.15
-9999.0000,-9999.0000,42.6988,37.8604,36.3009,35.4510,8.25
-9999.0000,-9999.0000,40.9868,38.1107,36.2319,35.4173,8.35
-9999.0000,-9999.0000,-9999.0000,37.8418,36.2681,35.1635,8.45
-9999.0000,-9999.0000,44.1729,38.1971,36.1205,35.4077,8.55
-9999.0000,-9999.0000,41.1015,38.1467,36.2928,35.3839,8.65
-9999.0000,-9999.0000,-9999.0000,38.2012,36.1519,35.3566,8.75
-9999.0000,-9999.0000,-9999.0000,37.7424,36.4725,35.3079,8.85
-9999.0000,-9999.0000,-9999.0000,37.8954,36.3997,35.6137,8.95
