u,g,r,i,z,y,time
18.8706,18.0775,18.2332,18.5412,18.7991,19.1023,0.05
18.8797,17.5633,17.6507,18.0064,18.2328,18.5381,0.15
19.3375,17.3816,17.3601,17.6981,17.9656,18.2450,0.25
19.7594,17.3309,17.1604,17.4929,17.7643,18.0651,0.35
20.0136,17.3853,17.0086,17.3286,17.6211,17.9105,0.45
20.1975,17.4974,16.9236,17.1939,17.4990,17.8243,0.55
20.4372,17.6575,16.8937,17.1096,17.3838,17.7175,0.65
20.5851,17.8532,16.8889,17.0481,17.2893,17.6694,0.75
20.7043,18.0582,16.9027,17.0059,17.1997,17.5908,0.85
20.8449,18.2498,16.9369,16.9972,17.1326,17.5307,0.95
20.9232,18.4348,17.0034,17.0054,17.0628,17.4280,1.05
21.0562,18.5806,17.0933,17.0107,16.9967,17.3684,1.15
21.1703,18.7368,17.2109,17.0346,16.9746,17.3074,1.25
21.2974,18.8713,17.3391,17.0547,16.9460,17.2807,1.35
21.4352,19.0114,17.4721,17.0936,16.9405,17.2470,1.45
21.5219,19.1426,17.6133,17.1562,16.9712,17.2232,1.55
21.6843,19.2908,17.7643,17.2344,16.9875,17.2040,1.65
21.8317,19.4154,17.8999,17.2973,17.0249,17.2132,1.75
21.9126,19.5538,18.0153,17.3793,17.0563,17.1912,1.85
22.0325,19.6840,18.1222,17.4548,17.0734,17.1966,1.95
22.1862,19.8200,18.2228,17.5155,17.1287,17.1969,2.05
22.2784,19.9003,18.2956,17.5774,17.1532,17.2107,2.15
22.4926,20.0013,18.3654,17.6567,17.1872,17.2253,2.25
22.4688,20.1113,18.4408,17.7204,17.2332,17.2632,2.35
22.7236,20.1955,18.5142,17.7738,17.2953,17.2985,2.45
22.7498,20.2952,18.5730,17.8535,17.3275,17.3133,2.55
22.9405,20.3914,18.6331,17.9056,17.3836,17.3547,2.65
22.9630,20.4486,18.6975,17.9590,17.4222,17.3979,2.75
23.0889,20.5358,18.7560,18.0187,17.4819,17.4390,2.85
23.2456,20.5954,18.8001,18.0642,17.5179,17.4802,2.95
23.1663,20.6816,18.8588,18.1076,17.5688,17.5331,3.05
23.2303,20.7419,18.9090,18.1544,17.6273,17.5732,3.15
23.3833,20.7733,18.9699,18.1859,17.6617,17.6096,3.25
23.4904,20.8778,19.0154,18.2512,17.7193,17.6434,3.35
23.4150,20.9128,19.0532,18.2785,17.7474,17.7069,3.45
23.6346,20.9317,19.0956,18.3065,17.8039,17.7528,3.55
23.7229,21.0048,19.1419,18.3488,17.8440,17.7886,3.65
23.6586,21.0460,19.1876,18.3896,17.8917,17.8432,3.75
23.7202,21.1003,19.2008,18.4035,17.9271,17.9088,3.85
23.8496,21.1295,19.2563,18.4563,17.9956,17.9442,3.95
23.7962,21.1830,19.3080,18.4995,18.0302,17.9973,4.05
23.7645,21.2029,19.3246,18.5296,18.0762,18.0565,4.15
23.9495,21.2456,19.3561,18.5807,18.1062,18.0799,4.25
23.9771,21.2982,19.4290,18.6017,18.1630,18.1372,4.35
24.1108,21.3306,19.4423,18.6379,18.1915,18.1874,4.45
24.2326,21.3421,19.4914,18.6479,18.2354,18.2475,4.55
24.1978,21.3914,19.5184,18.6943,18.2741,18.3161,4.65
24.1573,21.4589,19.5649,18.7216,18.2978,18.3628,4.75
24.3019,21.5242,19.5925,18.7572,18.3514,18.3893,4.85
24.5204,21.5230,19.6281,18.7807,18.3660,18.4581,4.95
24.3976,21.5870,19.6638,18.8147,18.4192,18.5016,5.05
24.3411,21.6357,19.7018,18.8471,18.4426,18.5447,5.15
24.4817,21.6348,19.7228,18.8922,18.4895,18.5760,5.25
24.3593,21.6361,19.7833,18.9120,18.5451,18.6288,5.35
24.7111,21.6496,19.7895,18.9455,18.5611,18.6738,5.45
24.6393,21.6823,19.8249,18.9766,18.6051,18.7223,5.55
24.9307,21.7452,19.8595,19.0357,18.6401,18.7492,5.65
24.9717,21.7951,19.8854,19.0402,18.6785,18.7884,5.75
24.9592,21.7654,19.9370,19.0627,18.6996,18.8397,5.85
24.6525,21.8573,19.9804,19.0905,18.7750,18.8791,5.95
24.6581,21.8685,19.9780,19.1222,18.7640,18.9304,6.05
24.9621,21.8888,20.0230,19.1512,18.8092,18.9818,6.15
24.9275,21.9462,20.0610,19.1988,18.8400,18.9862,6.25
24.9366,21.9588,20.0913,19.2196,18.8831,19.0293,6.35
25.1373,21.9637,20.1183,19.2441,18.9035,19.0704,6.45
25.3560,22.0277,20.1433,19.2681,18.9432,19.1088,6.55
25.0901,22.0206,20.1899,19.3108,18.9795,19.1357,6.65
25.6507,22.0510,20.2064,19.3150,18.9997,19.2020,6.75
25.1403,22.1235,20.2318,19.3748,19.0253,19.2339,6.85
25.2826,22.1220,20.2752,19.3887,19.0788,19.2972,6.95
25.4656,22.1497,20.2798,19.4208,19.0894,19.2826,7.05
25.1419,22.1739,20.3234,19.4358,19.1168,19.3574,7.15
25.4421,22.2419,20.3581,19.4672,19.1331,19.3651,7.25
25.4370,22.2732,20.3804,19.5149,19.1928,19.4102,7.35
25.2990,22.2883,20.4217,19.5536,19.1852,19.4676,7.45
25.5608,22.2982,20.4142,19.5510,19.2474,19.4825,7.55
25.7188,22.3241,20.4845,19.6001,19.2802,19.5295,7.65
25.6246,22.3361,20.5007,19.6104,19.3195,19.5679,7.75
25.7528,22.3782,20.5173,19.6356,19.3325,19.5965,7.85
25.8361,22.4317,20.5626,19.6737,19.3487,19.6296,7.95
25.8205,22.4016,20.5923,19.6914,19.3903,19.6161,8.05
25.7729,22.4711,20.5933,19.7596,19.4225,19.6679,8.15
25.6988,22.4715,20.6206,19.7551,19.4558,19.7452,8.25
25.9659,22.4999,20.6766,19.7972,19.5037,19.7486,8.35
26.3292,22.5121,20.7147,19.8368,19.5170,19.7403,8.45
26.2005,22.5682,20.7395,19.8269,19.5208,19.8326,8.55
25.8552,22.6128,20.7484,19.8545,19.5689,19.8562,8.65
26.2496,22.6456,20.7672,19.9100,19.5867,19.8748,8.75
26.0648,22.6149,20.7911,19.9090,19.6000,19.9405,8.85
26.1689,22.6759,20.8464,19.9679,19.6653,19.9482,8.95
