u,g,r,i,z,y,time
31.0616,29.8489,29.4406,29.6171,29.7128,29.9396,0.05
30.1280,28.8642,28.5896,28.8292,29.0391,29.2824,0.15
30.1879,28.7408,28.3645,28.5382,28.6962,28.9662,0.25
30.5245,28.8631,28.3081,28.4242,28.5109,28.7431,0.35
30.8838,29.0242,28.2932,28.3538,28.4155,28.5760,0.45
31.3008,29.2921,28.3299,28.3287,28.3585,28.4953,0.55
32.0006,29.7270,28.4543,28.3068,28.3505,28.4441,0.65
32.5923,30.1434,28.6307,28.3120,28.3340,28.4218,0.75
33.1354,30.5816,28.8818,28.3403,28.2775,28.3749,0.85
33.6559,31.0437,29.2121,28.4710,28.2220,28.3550,0.95
34.1029,31.5183,29.5862,28.7002,28.1990,28.3302,1.05
34.5622,31.9002,29.9182,28.9458,28.2204,28.3130,1.15
35.0090,32.2662,30.1912,29.1827,28.2768,28.2899,1.25
35.5376,32.6039,30.4990,29.4146,28.3844,28.3175,1.35
36.0930,33.1331,30.8979,29.7504,28.5555,28.4447,1.45
36.3640,33.4118,31.0779,29.9167,28.7186,28.4885,1.55
37.0216,33.5808,31.2716,30.1144,28.9383,28.6496,1.65
37.2751,33.9828,31.5132,30.4144,29.3291,28.7833,1.75
36.9815,34.0094,31.5692,30.5063,29.5477,28.8672,1.85
37.8007,34.3576,31.8613,30.8418,30.1567,29.0286,1.95
38.1008,34.5696,31.8736,30.8744,30.2571,29.0744,2.05
38.8023,35.0658,32.2495,31.3019,30.7648,29.3241,2.15
38.8032,35.1723,32.2964,31.3788,30.8197,29.3917,2.25
39.7287,35.6954,32.6298,31.7383,31.1434,29.6549,2.35
39.9592,35.9741,32.8234,31.9129,31.3217,29.9047,2.45
41.6551,36.2406,32.9942,32.0920,31.4376,29.9833,2.55
41.1276,36.7942,33.3449,32.4142,31.6787,30.3343,2.65
43.4601,36.7332,33.5142,32.4529,31.7411,30.4026,2.75
41.1730,37.4600,33.7433,32.7419,31.9599,30.5346,2.85
-9999.0000,37.5005,34.0538,32.9512,32.1545,30.7336,2.95
-9999.0000,37.6078,34.1213,33.0185,32.1651,30.7528,3.05
-9999.0000,38.1808,34.3440,33.2754,32.3282,30.9100,3.15
-9999.0000,38.2580,34.6686,33.3896,32.4947,31.0702,3.25
-9999.0000,38.5909,34.5435,33.3886,32.4440,31.0774,3.35
-9999.0000,38.7787,34.7399,33.6778,32.5651,31.1263,3.45
-9999.0000,38.8693,35.1171,33.7409,32.7625,31.2937,3.55
-9999.0000,38.4460,35.1498,33.7586,32.6904,31.3086,3.65
41.1490,39.0017,35.1836,33.8403,32.7370,31.2862,3.75
-9999.0000,39.5629,35.1396,33.9898,32.9043,31.4110,3.85
-9999.0000,39.2513,35.5546,34.1026,33.0385,31.5336,3.95
-9999.0000,39.5808,35.3301,34.0447,32.9887,31.4979,4.05
-9999.0000,39.6376,35.3549,34.0743,32.9381,31.4836,4.15
-9999.0000,40.6005,35.5074,34.2148,33.1426,31.5585,4.25
-9999.0000,39.3963,35.7135,34.3025,33.1069,31.7155,4.35
-9999.0000,39.8107,35.7764,34.2691,33.0874,31.6670,4.45
-9999.0000,40.0689,35.8406,34.2956,33.0755,31.6678,4.55
-9999.0000,39.9531,35.8300,34.5187,33.2111,31.7239,4.65
-9999.0000,41.6563,35.9279,34.7101,33.2490,31.8134,4.75
-9999.0000,40.4451,36.1541,34.6220,33.3078,31.8539,4.85
-9999.0000,41.0826,36.1004,34.5212,33.1492,31.8292,4.95
-9999.0000,40.4542,35.9130,34.5618,33.2583,31.8593,5.05
-9999.0000,40.2328,36.0633,34.6480,33.4267,31.9194,5.15
-9999.0000,40.5215,36.4892,34.7561,33.4442,32.0541,5.25
-9999.0000,40.9689,36.4161,34.6827,33.3577,31.9532,5.35
-9999.0000,40.9739,36.2615,34.7586,33.3981,32.0303,5.45
-9999.0000,39.9692,36.1460,34.7662,33.3959,32.0014,5.55
-9999.0000,40.9755,36.3017,35.0313,33.4586,32.0170,5.65
-9999.0000,41.1816,36.4384,34.9986,33.5293,32.1614,5.75
-9999.0000,40.9281,36.4718,34.9712,33.5015,32.1496,5.85
-9999.0000,40.1859,36.4436,34.8848,33.5563,32.1291,5.95
-9999.0000,42.4152,36.5297,34.9429,33.5465,32.1140,6.05
-9999.0000,40.6110,36.5489,35.0069,33.6708,32.1892,6.15
-9999.0000,41.3080,36.5519,35.0841,33.6479,32.2119,6.25
-9999.0000,40.4486,36.6661,35.1264,33.6783,32.2972,6.35
-9999.0000,43.8578,36.7259,35.1375,33.7196,32.3337,6.45
-9999.0000,40.2951,36.7922,34.9585,33.6043,32.3579,6.55
-9999.0000,40.4562,36.6940,35.1163,33.6455,32.3687,6.65
-9999.0000,40.9606,36.5029,35.1888,33.6740,32.3085,6.75
-9999.0000,41.1943,36.7999,35.1399,33.7594,32.3821,6.85
-9999.0000,42.0188,37.0431,35.4743,33.8926,32.4408,6.95
-9999.0000,42.2056,37.0965,35.2615,33.9270,32.4899,7.05
-9999.0000,43.2721,36.9080,35.3708,33.8498,32.4792,7.15
-9999.0000,41.9838,37.0567,35.2896,33.8903,32.5314,7.25
-9999.0000,41.2946,36.9197,35.3383,33.8234,32.5232,7.35
-9999.0000,42.0290,37.1458,35.3608,33.8880,32.5108,7.45
-9999.0000,41.8904,37.2362,35.4189,33.9178,32.5521,7.55
-9999.0000,43.3546,37.4072,35.5163,33.9498,32.5615,7.65
-9999.0000,42.6433,37.3612,35.6989,33.9769,32.6492,7.75
-9999.0000,41.6307,37.6057,35.3970,34.0723,32.6850,7.85
-9999.0000,-9999.0000,37.3711,35.5687,34.1038,32.7388,7.95
-9999.0000,43.1335,37.3802,35.6221,34.0041,32.7054,8.05
-9999.0000,42.1232,37.3578,35.4860,34.0073,32.7011,8.15
-9999.0000,41.5549,37.6453,35.6235,34.0410,32.7024,8.25
-9999.0000,42.2384,37.4292,35.7305,34.0999,32.7566,8.35
-9999.0000,42.0382,37.4058,35.9041,34.3059,32.8233,8.45
-9999.0000,44.9948,37.6662,35.7111,34.1755,32.8864,8.55
-9999.0000,41.8409,37.9019,35.9214,34.2387,32.8665,8.65
-9999.0000,42.9007,37.5468,35.9890,34.1886,32.9363,8.75
-9999.0000,42.5806,37.7040,35.8813,34.2206,32.8937,8.85
-9999.0000,-9999.0000,37.9235,35.7038,34.1190,32.9845,8.95
