u,g,r,i,z,y,time
31.8469,31.2078,30.6461,30.3280,30.3332,30.1425,0.05
33.0296,31.8566,30.8469,30.4252,29.9280,29.7758,0.15
33.9955,32.1289,31.0443,30.8557,29.8645,29.7416,0.25
34.2660,32.9127,31.4539,30.9305,30.0828,29.7160,0.35
35.3356,32.9430,31.5009,31.0233,30.2092,29.7657,0.45
35.6194,32.9739,31.7605,31.2038,30.1872,29.8158,0.55
35.6973,33.2461,31.8530,31.0681,30.1800,29.6719,0.65
36.1130,33.9787,31.9829,31.1496,30.3848,29.7551,0.75
36.0909,34.1237,32.3418,31.3267,30.2912,29.8182,0.85
36.8032,34.4022,32.5046,31.4247,30.4747,29.7153,0.95
38.4752,35.0657,32.5038,31.5002,30.5572,29.8229,1.05
40.5132,34.6834,33.0352,31.6238,30.4700,29.8774,1.15
38.8461,35.7986,33.0373,31.7581,30.5893,29.9124,1.25
-9999.0000,35.2959,33.3981,32.0738,30.7203,30.0698,1.35
-9999.0000,36.6937,33.4363,31.9733,30.8615,29.9710,1.45
-9999.0000,36.0362,33.8769,32.2097,30.7261,29.9592,1.55
-9999.0000,37.4822,33.9381,32.5807,30.9860,30.1419,1.65
-9999.0000,36.5977,34.0273,32.2731,30.8458,29.9791,1.75
-9999.0000,37.4790,34.8299,32.7681,31.2394,30.2760,1.85
-9999.0000,37.4136,33.7211,32.5682,31.1806,30.1569,1.95
-9999.0000,37.5667,34.1508,32.7930,31.3804,30.4184,2.05
-9999.0000,37.8496,34.2105,32.6397,31.0689,30.2830,2.15
-9999.0000,36.9264,34.4953,33.0009,31.6494,30.5403,2.25
-9999.0000,38.7730,34.8716,33.0612,31.2820,30.4227,2.35
-9999.0000,37.7521,35.6855,33.2161,31.7092,30.6486,2.45
-9999.0000,-9999.0000,35.1082,33.0994,31.7118,30.5511,2.55
-9999.0000,38.9036,35.2860,33.3595,31.5057,30.6044,2.65
-9999.0000,39.2511,35.3725,33.5676,31.8172,30.7504,2.75
-9999.0000,38.3618,35.4598,33.2698,31.8008,30.7278,2.85
-9999.0000,-9999.0000,35.6598,33.6086,31.8038,30.7144,2.95
-9999.0000,-9999.0000,36.2623,33.8153,32.0103,30.8979,3.05
-9999.0000,37.1630,36.3015,33.5275,32.0265,30.8796,3.15
-9999.0000,39.6117,36.0166,34.1541,32.1779,30.9945,3.25
-9999.0000,-9999.0000,36.2367,33.9054,32.1540,31.0895,3.35
-9999.0000,-9999.0000,37.4298,33.8390,32.2352,30.8553,3.45
-9999.0000,38.1051,36.6749,33.7832,31.8859,31.0170,3.55
-9999.0000,-9999.0000,35.6861,34.2891,32.3478,31.3605,3.65
-9999.0000,39.4601,36.4345,34.1090,32.4285,31.2869,3.75
-9999.0000,42.5326,36.1540,33.9684,32.3351,31.0171,3.85
-9999.0000,-9999.0000,38.4353,34.3885,32.5408,31.3928,3.95
-9999.0000,-9999.0000,41.9174,35.3456,32.7833,31.4997,4.05
-9999.0000,-9999.0000,38.1503,34.4889,32.7010,31.4513,4.15
-9999.0000,-9999.0000,44.6840,34.3946,32.8631,31.4798,4.25
-9999.0000,-9999.0000,36.8641,34.4321,32.8605,31.5684,4.35
-9999.0000,38.9223,37.8970,34.6666,32.8416,31.6742,4.45
-9999.0000,-9999.0000,37.5752,35.0154,32.6110,31.6368,4.55
-9999.0000,-9999.0000,38.8208,35.0364,32.9383,31.5466,4.65
-9999.0000,-9999.0000,37.5208,35.2733,32.9581,31.3823,4.75
-9999.0000,-9999.0000,37.0695,35.3186,32.9310,31.7662,4.85
-9999.0000,-9999.0000,40.1053,35.3497,33.1038,31.8924,4.95
-9999.0000,-9999.0000,-9999.0000,34.8149,32.9084,31.9263,5.05
-9999.0000,-9999.0000,39.0389,35.6873,33.3385,31.7479,5.15
-9999.0000,-9999.0000,37.4982,35.2245,33.4492,31.9167,5.25
-9999.0000,-9999.0000,40.0739,35.2504,33.3246,32.0092,5.35
-9999.0000,39.8984,37.4128,35.4092,33.5199,32.1092,5.45
-9999.0000,-9999.0000,37.7719,36.2641,33.4234,32.0807,5.55
-9999.0000,-9999.0000,39.8211,35.5676,33.4969,32.1309,5.65
-9999.0000,-9999.0000,-9999.0000,35.7395,33.6046,32.0427,5.75
-9999.0000,-9999.0000,37.8304,37.3860,34.4606,32.4185,5.85
-9999.0000,-9999.0000,-9999.0000,35.2527,33.8482,32.3742,5.95
-9999.0000,-9999.0000,38.2678,36.1570,34.0553,32.5626,6.05
-9999.0000,-9999.0000,-9999.0000,36.9734,34.0378,32.3520,6.15
-9999.0000,-9999.0000,39.3209,36.1321,34.2282,32.6216,6.25
-9999.0000,-9999.0000,38.3461,36.0080,34.2365,32.4300,6.35
-9999.0000,-9999.0000,-9999.0000,36.3582,34.5573,32.9081,6.45
-9999.0000,-9999.0000,-9999.0000,37.3254,33.9245,32.5971,6.55
-9999.0000,-9999.0000,-9999.0000,37.6422,34.2595,32.8096,6.65
-9999.0000,-9999.0000,-9999.0000,37.1620,34.2283,32.9367,6.75
-9999.0000,-9999.0000,-9999.0000,36.7875,33.6345,32.7916,6.85
-9999.0000,-9999.0000,55.5897,37.2505,34.9035,32.8166,6.95
-9999.0000,-9999.0000,-9999.0000,40.2368,34.1739,32.5608,7.05
-9999.0000,-9999.0000,-9999.0000,38.4360,34.8920,33.0235,7.15
-9999.0000,-9999.0000,-9999.0000,36.5538,34.1751,33.0438,7.25
-9999.0000,-9999.0000,-9999.0000,37.5857,35.1678,32.8680,7.35
-9999.0000,-9999.0000,-9999.0000,36.1189,34.7394,32.7912,7.45
-9999.0000,-9999.0000,-9999.0000,37.3321,34.6309,32.9341,7.55
-9999.0000,-9999.0000,-9999.0000,36.2115,34.7739,32.9906,7.65
-9999.0000,-9999.0000,-9999.0000,36.3785,34.3946,33.1508,7.75
-9999.0000,-9999.0000,-9999.0000,39.3139,33.9913,32.9684,7.85
-9999.0000,-9999.0000,-9999.0000,36.2609,34.6182,33.4815,7.95
-9999.0000,-9999.0000,-9999.0000,36.6322,34.3857,33.2866,8.05
-9999.0000,-9999.0000,-9999.0000,36.9597,34.8938,33.5321,8.15
-9999.0000,-9999.0000,-9999.0000,37.0003,35.0980,33.2998,8.25
-9999.0000,-9999.0000,39.2748,36.2294,35.7439,33.1756,8.35
-9999.0000,-9999.0000,-9999.0000,36.5833,35.8652,33.6704,8.45
-9999.0000,-9999.0000,-9999.0000,36.6318,35.6275,33.3896,8.55
-9999.0000,-9999.0000,-9999.0000,37.2639,34.8635,33.1625,8.65
-9999.0000,-9999.0000,-9999.0000,39.4610,35.0666,33.6070,8.75
-9999.0000,41.4086,43.3482,41.0376,34.4613,33.5330,8.85
-9999.0000,-9999.0000,-9999.0000,36.7803,34.5777,33.1935,8.95
