u,g,r,i,z,y,time
30.9225,29.4280,28.3436,27.9491,27.7189,27.9696,0.05
31.0684,29.2729,27.8275,27.2009,26.9741,27.1326,0.15
31.1278,29.2815,27.6111,26.8031,26.6007,26.7125,0.25
31.4130,29.3384,27.5712,26.5939,26.3580,26.4487,0.35
31.5720,29.3680,27.6555,26.5109,26.1706,26.2593,0.45
31.8729,29.4426,27.7883,26.4898,26.0297,26.1185,0.55
31.9901,29.5547,28.0015,26.5540,25.9401,26.0079,0.65
32.0591,29.6159,28.1685,26.6596,25.8899,25.9459,0.75
32.3331,29.6878,28.3799,26.8050,25.8723,25.9318,0.85
32.6510,29.8250,28.5372,26.9413,25.8896,25.9339,0.95
32.9252,29.9265,28.7553,27.0968,25.9319,25.9460,1.05
33.3134,30.0838,28.9033,27.2644,26.0003,25.9719,1.15
33.5037,30.2647,29.0592,27.4007,26.0928,25.9963,1.25
33.9159,30.4088,29.2044,27.5244,26.1995,26.0511,1.35
34.2504,30.6009,29.3752,27.7258,26.3872,26.1494,1.45
34.6576,30.7948,29.5731,27.8824,26.5280,26.2040,1.55
34.9675,30.9285,29.6905,28.0868,26.7451,26.3157,1.65
35.1779,31.2479,29.9184,28.2145,26.9287,26.4629,1.75
36.0061,31.3662,30.0618,28.3727,27.1180,26.5421,1.85
35.9705,31.7172,30.2672,28.4897,27.2706,26.6762,1.95
36.2393,31.9093,30.4567,28.6718,27.4395,26.7738,2.05
37.8383,32.2741,30.7108,28.8564,27.6032,26.9133,2.15
38.2301,32.4013,30.8740,28.9588,27.6959,27.0090,2.25
38.1310,32.6929,31.1707,29.1221,27.8497,27.1500,2.35
-9999.0000,33.0363,31.3125,29.3106,27.9579,27.2182,2.45
37.7175,33.2807,31.5132,29.4077,28.0704,27.3469,2.55
38.0732,33.4989,31.7358,29.6375,28.1714,27.4559,2.65
38.5418,33.6146,31.8816,29.7659,28.3156,27.5037,2.75
-9999.0000,34.0541,32.0211,29.9266,28.4638,27.6665,2.85
41.2585,34.3019,32.2277,30.0755,28.5575,27.7392,2.95
-9999.0000,34.4717,32.5126,30.1114,28.7031,27.8556,3.05
37.9298,34.3448,32.6816,30.3296,28.7698,27.9339,3.15
-9999.0000,34.9231,32.7597,30.4315,28.8801,28.0243,3.25
-9999.0000,34.8787,32.9368,30.6272,28.9600,28.0895,3.35
-9999.0000,35.4970,33.1917,30.7518,29.0738,28.1428,3.45
-9999.0000,35.4663,33.1082,30.7165,29.1665,28.2586,3.55
-9999.0000,35.4058,33.1272,30.8904,29.2495,28.2963,3.65
-9999.0000,35.4813,33.5288,30.9521,29.3075,28.3187,3.75
-9999.0000,36.2483,33.4274,31.0948,29.4374,28.4273,3.85
-9999.0000,36.5301,33.6089,31.1442,29.4053,28.5172,3.95
-9999.0000,35.6836,33.9480,31.2162,29.5398,28.5731,4.05
-9999.0000,35.8864,33.8408,31.3474,29.6015,28.5691,4.15
-9999.0000,36.3785,33.8862,31.3722,29.6704,28.6318,4.25
-9999.0000,37.5906,34.2643,31.4406,29.7437,28.7371,4.35
-9999.0000,37.1653,34.2150,31.5253,29.8186,28.7596,4.45
-9999.0000,36.5280,34.1327,31.5203,29.7998,28.7986,4.55
-9999.0000,36.5634,34.0772,31.6148,29.9439,28.8447,4.65
-9999.0000,36.4657,34.2052,31.6877,29.9241,28.9387,4.75
-9999.0000,36.8701,34.3152,31.7249,29.9928,28.9748,4.85
-9999.0000,36.8826,34.5688,31.7694,30.0560,28.9666,4.95
-9999.0000,37.2831,34.1413,31.8384,30.1002,29.0216,5.05
-9999.0000,37.0063,34.3893,31.9643,30.2368,29.0784,5.15
-9999.0000,37.1957,34.3786,32.0181,30.2103,29.1353,5.25
-9999.0000,37.1651,34.6258,31.7983,30.2541,29.1707,5.35
-9999.0000,37.1251,34.4381,32.1934,30.2734,29.2165,5.45
-9999.0000,38.5642,34.7971,32.1139,30.3730,29.2675,5.55
-9999.0000,37.5329,34.7370,32.2384,30.4054,29.2585,5.65
-9999.0000,38.6719,34.5630,32.3451,30.4365,29.3003,5.75
-9999.0000,38.6675,35.1891,32.1761,30.4589,29.3470,5.85
-9999.0000,36.8429,35.0070,32.2777,30.6493,29.3959,5.95
-9999.0000,38.6288,35.3477,32.3206,30.4645,29.4144,6.05
-9999.0000,38.4968,34.5096,32.4708,30.5330,29.4576,6.15
-9999.0000,38.0412,35.4302,32.4541,30.5638,29.5106,6.25
-9999.0000,38.6088,34.6785,32.5835,30.7178,29.5382,6.35
-9999.0000,38.0308,35.7521,32.4902,30.7170,29.5600,6.45
-9999.0000,37.6880,35.0594,32.4695,30.7305,29.5833,6.55
-9999.0000,38.0318,35.1855,32.7689,30.8154,29.6267,6.65
-9999.0000,-9999.0000,35.3501,32.6335,30.8279,29.6788,6.75
-9999.0000,38.5915,35.5312,32.5692,30.7981,29.7144,6.85
-9999.0000,38.6820,35.6275,32.8192,31.0335,29.7403,6.95
-9999.0000,-9999.0000,36.0788,32.7728,30.9634,29.7827,7.05
-9999.0000,38.0698,35.8820,32.7767,31.0513,29.8407,7.15
-9999.0000,-9999.0000,36.0027,32.9463,31.0363,29.9040,7.25
-9999.0000,50.7901,35.3968,32.9192,31.0268,29.9478,7.35
-9999.0000,41.1861,35.7430,32.9263,30.9893,29.9826,7.45
-9999.0000,-9999.0000,35.3463,32.9732,31.1646,29.9765,7.55
-9999.0000,-9999.0000,35.2055,33.2965,31.2322,30.0414,7.65
-9999.0000,38.9527,36.0279,32.9537,31.1280,30.0074,7.75
-9999.0000,38.4811,36.1303,33.2377,31.1424,30.1155,7.85
-9999.0000,38.9682,35.8189,33.0518,31.3262,30.1414,7.95
-9999.0000,39.4041,36.3696,33.3219,31.3100,30.1583,8.05
-9999.0000,-9999.0000,36.0447,33.1218,31.1889,30.1018,8.15
-9999.0000,38.1564,35.9109,33.2177,31.3743,30.1671,8.25
-9999.0000,39.0885,36.3843,33.1270,31.3776,30.2323,8.35
-9999.0000,-9999.0000,36.1283,33.1560,31.5205,30.2486,8.45
-9999.0000,39.7188,35.8561,33.3411,31.5161,30.1643,8.55
-9999.0000,-9999.0000,35.9917,33.4101,31.5079,30.3286,8.65
-9999.0000,42.1190,35.7970,33.4822,31.5524,30.3281,8.75
-9999.0000,-9999.0000,35.9615,33.3826,31.5162,30.4217,8.85
-9999.0000,39.3018,36.2269,33.5447,31.6185,30.3948,8.95
