u,g,r,i,z,y,time
22.3907,22.2908,22.2532,22.5581,22.5750,22.6763,0.05
22.6550,22.2033,21.9781,22.0315,22.2199,22.0178,0.15
23.2646,22.6127,21.9979,21.8964,21.8518,21.8608,0.25
23.3688,22.6188,21.9638,21.8584,21.6536,21.5738,0.35
23.4789,22.7324,21.8697,21.6084,21.4428,21.1521,0.45
23.6448,22.6211,21.7209,21.3617,21.4035,20.9906,0.55
23.9960,23.1345,22.0120,21.4889,21.3484,20.9042,0.65
24.0272,22.9049,22.0764,21.4320,21.1735,20.8426,0.75
24.1607,22.9568,22.0874,21.2861,21.1290,20.6814,0.85
24.6211,23.1419,22.1108,21.3802,21.0535,20.6680,0.95
24.4820,23.1903,22.0835,21.3105,20.9351,20.6368,1.05
24.6428,23.1329,21.9262,21.2995,20.9360,20.5990,1.15
24.4160,23.1270,22.0908,21.1588,20.8385,20.4582,1.25
24.3916,23.0398,21.9095,21.1666,20.6116,20.3410,1.35
24.8019,23.3112,22.1795,21.4296,20.7929,20.4083,1.45
24.2719,23.2231,22.0467,21.0885,20.6488,20.3273,1.55
24.8719,23.1291,21.9127,21.0956,20.6182,20.2366,1.65
25.2513,23.3752,22.2343,21.2685,20.7568,20.4377,1.75
24.7738,23.1530,21.9026,20.9649,20.4811,20.0834,1.85
25.3705,23.6229,22.3454,21.2173,20.5900,20.4285,1.95
25.5015,23.3529,21.9578,21.0261,20.3993,20.0846,2.05
25.8216,23.6223,22.3120,21.1761,20.6936,20.3465,2.15
24.9635,23.3570,22.0825,20.8799,20.1792,20.0109,2.25
25.9772,23.8479,22.4920,21.1700,20.6192,20.2818,2.35
25.5163,23.6869,22.1363,21.0592,20.3584,20.0662,2.45
26.3431,23.8383,22.3870,21.1660,20.5339,20.1730,2.55
25.8551,23.9979,22.4432,21.2637,20.4812,20.1935,2.65
26.5375,23.8610,22.1094,20.9032,20.2252,19.9273,2.75
26.8177,24.5077,22.6303,21.4230,20.5452,20.2553,2.85
26.0660,24.3869,22.4403,21.1404,20.3338,20.0464,2.95
26.5154,24.1515,22.4621,20.9869,20.1662,19.8543,3.05
28.3855,24.9461,22.8569,21.3481,20.6043,20.3130,3.15
26.7898,24.8280,22.5517,21.1995,20.4080,20.0117,3.25
27.0544,24.4334,22.3742,20.9641,20.1247,19.8370,3.35
27.2818,25.0095,22.8939,21.4299,20.5559,20.3029,3.45
29.6767,25.3575,22.8964,21.3648,20.4690,20.1447,3.55
28.1293,24.9251,22.6621,21.0778,20.2347,19.8399,3.65
27.9497,24.6666,22.6381,21.2435,20.3314,19.9269,3.75
30.1854,25.4426,22.9944,21.5200,20.7214,20.1958,3.85
27.0740,25.7767,22.7840,21.3290,20.4550,20.0381,3.95
29.8428,25.0052,22.5718,20.9902,20.2439,19.8100,4.05
28.3282,25.3449,22.8407,21.3112,20.4761,19.9631,4.15
29.8686,25.7298,23.3356,21.6341,20.8210,20.2919,4.25
28.4116,25.5636,23.0678,21.4316,20.5671,20.0734,4.35
28.1222,24.9495,22.6821,21.1655,20.3458,19.8242,4.45
28.4109,25.1286,22.9461,21.2333,20.3446,19.8668,4.55
-9999.0000,26.3835,23.4179,21.7733,20.7677,20.3476,4.65
-9999.0000,25.7595,23.1685,21.5757,20.8626,20.1190,4.75
27.8396,25.6869,23.0414,21.3343,20.4605,19.9162,4.85
28.2474,25.5856,22.8268,21.1807,20.3632,19.7135,4.95
30.6466,25.7451,23.1895,21.5671,20.6368,20.0080,5.05
28.9552,26.2736,23.4864,21.7458,21.0200,20.2010,5.15
35.8124,25.9836,23.3307,21.6272,20.8362,20.1262,5.25
31.3460,26.1636,23.0845,21.4753,20.5918,19.9359,5.35
31.0802,25.5037,22.9839,21.2856,20.4643,19.8124,5.45
-9999.0000,25.4632,23.3501,21.4978,20.7020,19.9338,5.55
-9999.0000,25.8548,23.7174,21.9067,21.0826,20.2255,5.65
30.0230,26.8251,23.6401,21.9465,20.9353,20.2236,5.75
28.8773,27.3889,23.6510,21.7007,20.7457,20.0240,5.85
33.0121,25.9106,23.2767,21.6388,20.6398,19.8806,5.95
30.7814,25.9088,23.0979,21.4361,20.5741,19.8276,6.05
-9999.0000,26.5919,23.8269,21.8413,20.9434,20.0720,6.15
-9999.0000,26.6514,23.9655,21.9993,21.1949,20.2996,6.25
-9999.0000,26.6277,23.8915,21.9797,21.0935,20.1778,6.35
28.5056,27.0453,23.7043,21.9465,20.8920,20.1341,6.45
-9999.0000,26.4693,23.5619,21.6689,20.8393,19.9245,6.55
29.2094,26.6368,23.4960,21.6874,20.7279,19.8697,6.65
-9999.0000,26.5801,23.7696,21.8970,20.9593,20.0437,6.75
-9999.0000,27.5190,23.9926,22.1832,21.2153,20.2957,6.85
-9999.0000,27.2498,24.3196,22.1822,21.2657,20.3191,6.95
-9999.0000,26.9312,24.0133,22.1224,21.1713,20.2094,7.05
29.0427,26.6278,23.8167,21.9717,21.0631,20.1576,7.15
-9999.0000,27.3075,23.8142,21.8797,20.9857,20.0039,7.25
-9999.0000,27.1869,24.0491,21.8596,20.8755,19.9122,7.35
-9999.0000,26.9275,24.1231,22.2067,21.1901,20.0984,7.45
-9999.0000,27.4153,24.3455,22.3780,21.3719,20.3684,7.55
-9999.0000,26.9032,24.3235,22.5100,21.4254,20.3694,7.65
-9999.0000,26.8100,24.3683,22.4227,21.3284,20.3744,7.75
-9999.0000,27.8973,24.3481,22.3025,21.2615,20.2517,7.85
-9999.0000,27.9961,24.0174,22.1839,21.1900,20.1311,7.95
-9999.0000,26.7150,23.8876,22.0123,21.0532,20.0436,8.05
-9999.0000,27.6813,24.4465,22.2835,21.2347,20.1025,8.15
-9999.0000,28.2477,24.4760,22.5450,21.4647,20.3543,8.25
-9999.0000,28.5259,24.5036,22.5855,21.6101,20.5155,8.35
32.2812,28.6312,24.7303,22.6380,21.5827,20.4860,8.45
-9999.0000,28.8644,24.6253,22.6253,21.4544,20.3871,8.55
-9999.0000,29.4222,24.5106,22.5371,21.4173,20.3252,8.65
-9999.0000,28.0434,24.4648,22.3795,21.3298,20.2323,8.75
-9999.0000,27.4059,24.4990,22.4263,21.3255,20.2387,8.85
-9999.0000,27.9296,24.8123,22.4513,21.2793,20.1290,8.95
