u,g,r,i,z,y,time
35.9279,32.8129,30.7852,29.8064,28.9582,28.6053,0.05
43.0816,33.4299,31.4411,30.0187,29.1044,28.3307,0.15
35.8642,33.6296,31.9374,30.2033,29.3579,28.4905,0.25
35.8177,34.0124,32.0037,30.5872,29.3639,28.5849,0.35
36.6054,34.3050,32.2747,30.7873,29.5900,28.7143,0.45
36.8894,34.1544,32.2082,30.9077,29.5800,28.8109,0.55
37.9923,34.3209,32.2103,30.9247,29.7678,28.9261,0.65
37.1267,34.6858,32.1828,31.1944,29.8565,28.9453,0.75
37.5911,34.7303,32.5771,31.1494,29.9363,28.9883,0.85
36.4830,34.6948,32.7911,31.1544,30.0413,29.0194,0.95
36.3463,34.9131,32.8105,31.3642,30.2081,29.0417,1.05
37.6380,35.1379,32.7732,31.2279,30.1488,29.0942,1.15
-9999.0000,35.0250,33.1435,31.3532,30.2968,29.2024,1.25
37.7033,35.3583,33.1362,31.3950,30.2419,29.1932,1.35
38.0027,35.1880,33.0961,31.4394,30.3823,29.2577,1.45
-9999.0000,35.2011,33.3574,31.4593,30.3492,29.2866,1.55
37.1738,35.0626,33.1144,31.3632,30.4499,29.3877,1.65
39.3994,35.2287,33.3268,31.5955,30.5379,29.4525,1.75
38.3805,35.4317,33.3380,31.7552,30.6186,29.4230,1.85
37.8623,35.4821,33.2095,31.6756,30.6845,29.5659,1.95
-9999.0000,35.3447,33.4732,31.7998,30.5973,29.6061,2.05
41.6653,35.8706,33.3571,31.6281,30.6739,29.6318,2.15
38.2781,35.7427,33.2854,31.7015,30.6234,29.7207,2.25
-9999.0000,35.3253,33.4792,31.9676,30.8566,29.7576,2.35
37.1442,35.9366,33.5314,31.7907,30.8124,29.8152,2.45
-9999.0000,36.5727,33.7433,31.9661,30.8081,29.8270,2.55
38.9825,35.9664,33.4224,31.9729,30.8185,29.8712,2.65
-9999.0000,35.4788,33.4162,32.0034,30.8273,29.8686,2.75
37.9842,35.4999,33.8350,32.0650,30.9713,29.9565,2.85
-9999.0000,35.7437,33.7727,32.0928,30.7946,30.0503,2.95
-9999.0000,35.9987,34.0960,32.2893,30.8135,30.0273,3.05
37.7182,35.9051,33.7991,31.9860,30.8945,30.0680,3.15
-9999.0000,37.0963,33.9522,32.1324,30.9688,30.1961,3.25
37.9336,36.4356,33.8123,32.2510,30.8671,30.1709,3.35
-9999.0000,36.4004,34.0444,32.3742,30.9002,30.1065,3.45
39.6915,36.7354,33.9196,32.0988,31.0300,30.3089,3.55
37.7859,36.7240,33.7877,32.2066,30.9169,30.2491,3.65
38.5271,36.6620,34.2348,32.2857,31.1009,30.3562,3.75
39.4182,37.1196,34.2821,32.3341,30.9319,30.3034,3.85
40.2190,36.5624,34.2085,32.3881,30.9270,30.3075,3.95
-9999.0000,36.1842,34.0604,32.4157,31.2005,30.3555,4.05
-9999.0000,36.6844,34.3678,32.3836,31.1038,30.3380,4.15
38.4365,36.4665,34.0125,32.3908,31.0930,30.3118,4.25
-9999.0000,36.3801,34.2764,32.6755,31.0519,30.3342,4.35
41.5473,36.0863,34.1772,32.4520,31.1044,30.5089,4.45
42.9871,36.1477,34.4870,32.5126,31.1753,30.3338,4.55
39.3505,35.7429,34.6701,32.6012,31.1831,30.4875,4.65
-9999.0000,36.7266,34.4507,32.6261,31.2899,30.4414,4.75
41.0686,36.1516,34.5822,32.6327,31.2482,30.5086,4.85
-9999.0000,36.4607,34.3948,32.5947,31.3045,30.5206,4.95
-9999.0000,36.3821,34.2736,32.7175,31.3964,30.5030,5.05
40.2714,36.1374,34.2406,32.8440,31.3668,30.4980,5.15
-9999.0000,36.4175,34.3908,32.6740,31.4677,30.5715,5.25
42.0557,36.6834,34.5206,32.9428,31.3891,30.5148,5.35
-9999.0000,36.4290,34.3675,32.8522,31.6650,30.6217,5.45
43.1946,36.6084,34.2965,32.9271,31.6074,30.6969,5.55
-9999.0000,36.8462,34.6559,32.7234,31.5579,30.6853,5.65
-9999.0000,36.2565,34.4102,33.1106,31.5944,30.6529,5.75
-9999.0000,36.2174,34.6969,32.9314,31.7162,30.7641,5.85
-9999.0000,36.5808,34.6951,33.1162,31.7025,30.8407,5.95
-9999.0000,36.3958,34.3650,32.9958,31.7723,30.8368,6.05
-9999.0000,36.6816,34.5457,33.1764,31.7804,30.8070,6.15
-9999.0000,37.1442,34.5239,32.9738,31.8145,30.9284,6.25
-9999.0000,37.2949,34.6417,33.0638,31.9142,30.9730,6.35
-9999.0000,36.9908,34.9747,33.1381,31.9046,30.9314,6.45
-9999.0000,36.6542,34.9981,33.2109,32.0109,31.0205,6.55
-9999.0000,36.8766,34.7409,33.2283,32.0439,31.0602,6.65
-9999.0000,36.7177,34.8392,33.4664,32.0668,31.0850,6.75
-9999.0000,37.1002,34.7982,33.4174,32.2614,31.2218,6.85
-9999.0000,37.3397,34.4881,33.3372,32.1540,31.1530,6.95
-9999.0000,36.9041,34.9063,33.3719,32.2031,31.3252,7.05
-9999.0000,36.7978,34.6483,33.2145,32.1440,31.3302,7.15
-9999.0000,37.3265,34.7561,33.3892,32.2264,31.2989,7.25
-9999.0000,37.4519,34.6672,33.3697,32.2581,31.2593,7.35
-9999.0000,37.5935,34.9362,33.5127,32.3639,31.3895,7.45
-9999.0000,37.6040,34.8913,33.4546,32.3733,31.4544,7.55
-9999.0000,37.5063,34.9552,33.6881,32.4635,31.5243,7.65
-9999.0000,37.1848,34.9274,33.6556,32.4298,31.5066,7.75
-9999.0000,37.4673,34.8763,33.6543,32.3961,31.5638,7.85
-9999.0000,38.1562,34.6538,33.5434,32.6622,31.5457,7.95
-9999.0000,37.9082,34.7373,33.7700,32.7928,31.7671,8.05
-9999.0000,38.5182,34.8323,33.5326,32.5120,31.7272,8.15
-9999.0000,38.0565,34.8056,33.4886,32.7118,31.8845,8.25
-9999.0000,37.7223,34.7386,33.7231,32.7627,31.8393,8.35
-9999.0000,38.8253,34.8832,33.7810,32.9379,31.7477,8.45
-9999.0000,37.9470,34.8990,33.8209,32.9767,31.9177,8.55
-9999.0000,38.4954,34.8484,33.7640,32.8823,31.9656,8.65
-9999.0000,37.9207,35.0274,33.8837,32.7516,31.8926,8.75
-9999.0000,39.0313,35.1917,33.7220,32.8669,31.8779,8.85
-9999.0000,38.9355,34.6568,33.7513,33.1346,32.0117,8.95
