u,g,r,i,z,y,time
28.3909,27.3770,26.5323,26.0132,25.6736,25.5698,0.05
29.8918,28.1006,26.9068,26.0979,25.4195,25.1402,0.15
31.0865,28.8997,27.2353,26.1369,25.3772,24.8924,0.25
31.6103,29.2650,27.5209,26.2471,25.3946,24.7152,0.35
32.0553,29.6678,27.6051,26.2286,25.4118,24.6611,0.45
33.4783,29.9539,27.7173,26.2931,25.3836,24.6292,0.55
33.3636,30.1713,27.8373,26.2816,25.3640,24.6449,0.65
33.9777,30.5784,27.9559,26.3378,25.3030,24.5839,0.75
33.0281,30.5289,28.1397,26.4177,25.2934,24.6081,0.85
34.9451,30.6926,28.0803,26.3834,25.2665,24.6162,0.95
33.5271,30.6051,28.1660,26.4612,25.2725,24.6374,1.05
35.3715,31.0290,28.3155,26.5178,25.2229,24.6382,1.15
35.0833,31.2982,28.3455,26.5917,25.2603,24.6444,1.25
-9999.0000,31.5768,28.3970,26.6081,25.2485,24.6421,1.35
-9999.0000,31.3241,28.4461,26.6606,25.2858,24.6691,1.45
34.0577,31.3218,28.5136,26.7483,25.2662,24.7065,1.55
-9999.0000,31.7525,28.6018,26.7767,25.3090,24.6869,1.65
41.3115,31.4083,28.7018,26.8297,25.3364,24.7444,1.75
-9999.0000,31.5842,28.7980,26.9445,25.4096,24.7354,1.85
35.5038,31.8616,28.6951,27.0057,25.4476,24.7654,1.95
-9999.0000,31.8006,28.8005,26.9963,25.4840,24.7796,2.05
-9999.0000,31.7698,28.9652,27.0818,25.5319,24.8214,2.15
-9999.0000,32.1094,28.9516,27.1863,25.5593,24.8550,2.25
-9999.0000,31.9635,29.2541,27.2499,25.6532,24.8885,2.35
35.9839,32.2496,29.0906,27.3172,25.7029,24.9105,2.45
-9999.0000,32.7409,29.2775,27.3435,25.7901,24.9459,2.55
-9999.0000,32.9688,29.2904,27.4187,25.8488,24.9821,2.65
-9999.0000,32.3778,29.3662,27.5598,25.8855,25.0182,2.75
-9999.0000,32.6016,29.3603,27.5852,25.8683,25.0262,2.85
-9999.0000,32.3443,29.5607,27.6979,25.9989,25.0845,2.95
-9999.0000,32.7184,29.6613,27.7303,26.0268,25.1228,3.05
-9999.0000,33.1036,29.7185,27.8541,26.0935,25.1326,3.15
-9999.0000,32.5047,29.7455,27.7185,26.1841,25.1567,3.25
-9999.0000,33.8623,29.8561,27.8695,26.2278,25.2249,3.35
41.7367,32.9129,29.8578,27.9134,26.2485,25.2330,3.45
-9999.0000,32.8864,29.9896,27.9661,26.2998,25.2818,3.55
-9999.0000,32.8453,29.9658,28.0432,26.4042,25.3683,3.65
-9999.0000,33.3032,30.0209,28.1080,26.4325,25.3304,3.75
-9999.0000,33.2383,30.0897,28.1284,26.3700,25.3780,3.85
-9999.0000,33.9087,30.1126,28.2537,26.5040,25.3969,3.95
-9999.0000,33.4297,30.3698,28.2171,26.5329,25.4600,4.05
-9999.0000,33.2602,30.4035,28.2407,26.5326,25.4983,4.15
-9999.0000,33.7916,30.3510,28.3618,26.5939,25.5377,4.25
39.6149,33.7267,30.3211,28.4059,26.6919,25.5343,4.35
-9999.0000,33.4133,30.5372,28.4472,26.8337,25.6564,4.45
-9999.0000,32.8272,30.3299,28.4642,26.8211,25.6619,4.55
-9999.0000,33.9211,30.6355,28.4988,26.8650,25.7037,4.65
-9999.0000,33.4520,30.5108,28.5449,26.9452,25.7307,4.75
-9999.0000,33.4987,30.3985,28.6203,26.9025,25.8074,4.85
-9999.0000,34.4782,30.6718,28.6311,27.0062,25.8335,4.95
-9999.0000,33.8094,30.6091,28.7542,27.1016,25.8505,5.05
-9999.0000,33.7431,30.6816,28.6473,27.1069,25.8929,5.15
-9999.0000,35.1012,30.7167,28.6861,27.1656,25.9591,5.25
-9999.0000,33.4523,30.8028,28.8093,27.2251,26.0071,5.35
-9999.0000,33.5774,30.7909,28.7802,27.2455,26.0408,5.45
-9999.0000,33.2322,30.8307,28.7242,27.3003,26.1038,5.55
-9999.0000,33.9750,30.9757,28.7351,27.4238,26.0590,5.65
-9999.0000,33.1847,30.7782,28.8385,27.3190,26.1967,5.75
-9999.0000,33.4729,30.8459,28.9036,27.3952,26.2293,5.85
-9999.0000,33.8674,30.7916,29.0541,27.4694,26.3058,5.95
-9999.0000,34.0367,30.8839,28.9635,27.5097,26.2641,6.05
-9999.0000,34.1799,31.0605,28.9762,27.5181,26.2477,6.15
-9999.0000,33.1596,31.1378,28.8143,27.5889,26.3392,6.25
-9999.0000,33.8309,31.0055,28.9669,27.6374,26.3767,6.35
-9999.0000,33.5991,31.0305,28.9814,27.6380,26.4989,6.45
-9999.0000,34.1184,31.0500,28.9351,27.7597,26.4687,6.55
-9999.0000,34.0823,30.8059,29.0109,27.7251,26.5331,6.65
-9999.0000,33.7091,30.9295,29.1001,27.7730,26.5872,6.75
-9999.0000,33.0326,30.9145,28.9789,27.8682,26.6497,6.85
-9999.0000,35.2124,31.1258,29.0716,27.8410,26.7086,6.95
-9999.0000,34.0360,30.7374,29.2104,27.8171,26.7762,7.05
-9999.0000,34.3514,31.1694,29.1037,27.9683,26.7339,7.15
37.5096,33.5029,30.8491,29.0061,27.9079,26.7706,7.25
-9999.0000,33.9099,31.1043,29.0617,27.8534,26.8137,7.35
-9999.0000,33.5861,30.9357,29.0772,28.0602,26.9322,7.45
-9999.0000,33.7106,31.1668,29.1567,28.0405,26.9991,7.55
-9999.0000,33.8682,31.1667,29.1344,28.0478,27.0333,7.65
-9999.0000,33.8465,31.7409,29.2183,28.0221,27.0732,7.75
-9999.0000,34.3771,31.1101,29.1045,27.9712,27.1192,7.85
-9999.0000,33.9347,31.3008,29.1076,28.1142,27.1529,7.95
-9999.0000,34.9253,31.2897,29.2326,28.0786,27.1210,8.05
-9999.0000,33.5401,31.5299,29.0774,28.1339,27.1773,8.15
-9999.0000,34.2777,31.2173,29.2099,28.1127,27.2806,8.25
-9999.0000,34.4952,31.4676,29.2762,28.1619,27.3106,8.35
-9999.0000,34.1993,31.3439,29.1723,28.1754,27.2936,8.45
-9999.0000,33.7604,31.2191,29.2878,28.0846,27.3680,8.55
-9999.0000,33.9427,31.0633,29.1900,28.0772,27.3638,8.65
-9999.0000,33.8553,31.2415,29.2916,28.1601,27.4058,8.75
-9999.0000,35.0472,31.5000,29.3333,28.1260,27.4445,8.85
-9999.0000,34.9011,31.2262,29.2928,28.2216,27.6086,8.95
