u,g,r,i,z,y,time
24.6989,24.7335,24.9900,25.3883,25.7029,25.9161,0.05
23.8598,23.8474,24.1673,24.6293,24.9056,25.0943,0.15
23.4252,23.3718,23.6883,24.1844,24.4040,24.6596,0.25
23.1338,23.0437,23.3446,23.8355,24.0576,24.3697,0.35
22.9870,22.7918,23.1081,23.5655,23.8122,24.1167,0.45
22.9046,22.6090,22.8818,23.3831,23.5906,23.8871,0.55
22.8455,22.4924,22.7374,23.2386,23.4686,23.7340,0.65
22.8235,22.3858,22.5944,23.0545,23.3053,23.6144,0.75
22.8296,22.3078,22.4787,22.9577,23.1591,23.5356,0.85
22.8714,22.2460,22.3941,22.8265,23.0939,23.3948,0.95
22.9247,22.2056,22.3240,22.7493,23.0124,23.3492,1.05
22.9893,22.1729,22.2792,22.6614,22.8879,23.2859,1.15
23.0541,22.1394,22.2128,22.5541,22.8037,23.1621,1.25
23.1435,22.1209,22.1549,22.4861,22.7157,23.1249,1.35
23.2188,22.1590,22.1534,22.4589,22.7368,23.0750,1.45
23.3323,22.1588,22.1060,22.3994,22.6503,23.0481,1.55
23.4566,22.1783,22.0489,22.3324,22.6202,22.9779,1.65
23.5344,22.2226,22.0756,22.3472,22.5795,22.9721,1.75
23.7033,22.2684,21.9953,22.2656,22.5241,22.9029,1.85
23.7612,22.3333,22.0163,22.2892,22.5465,22.8695,1.95
23.9723,22.3923,21.9322,22.1980,22.4699,22.8109,2.05
23.9924,22.4528,21.9578,22.2310,22.4951,22.8179,2.15
24.2358,22.5570,21.9056,22.1505,22.4423,22.7813,2.25
24.2552,22.5998,21.8846,22.1633,22.4603,22.7702,2.35
24.4957,22.7370,21.8730,22.1348,22.4224,22.7285,2.45
24.5746,22.8379,21.8780,22.1269,22.4185,22.7220,2.55
24.7004,22.8769,21.8689,22.0965,22.4026,22.7156,2.65
24.9389,23.0605,21.8704,22.0877,22.3603,22.6640,2.75
24.9774,23.1303,21.9030,22.0791,22.3721,22.6562,2.85
25.1995,23.2274,21.9055,22.0469,22.3700,22.6328,2.95
25.4076,23.3967,21.9576,22.0276,22.3574,22.6180,3.05
25.3201,23.4193,21.9743,22.0423,22.3588,22.6040,3.15
25.5840,23.5338,22.0006,22.0080,22.3479,22.5681,3.25
25.7571,23.6861,22.0752,22.0050,22.3272,22.5566,3.35
25.7831,23.7298,22.1336,22.0203,22.3535,22.5580,3.45
25.8118,23.7881,22.1374,21.9781,22.3592,22.5262,3.55
26.1985,23.9665,22.2147,21.9494,22.3102,22.4753,3.65
26.2806,24.0528,22.3213,21.9705,22.3122,22.4962,3.75
26.1925,24.0744,22.3730,21.9840,22.3411,22.5065,3.85
26.4600,24.1601,22.3985,21.9621,22.3291,22.4556,3.95
26.6902,24.3104,22.4642,21.9690,22.2958,22.4296,4.05
26.7234,24.3883,22.5993,22.0189,22.3305,22.4732,4.15
26.6658,24.4212,22.6478,22.0459,22.3342,22.4556,4.25
26.9853,24.4998,22.6800,22.0446,22.3339,22.4115,4.35
27.1516,24.6319,22.7692,22.0489,22.2950,22.3718,4.45
27.1645,24.7228,22.8777,22.1071,22.3190,22.4125,4.55
27.3074,24.7395,22.9613,22.1873,22.3283,22.4669,4.65
27.2649,24.7879,22.9920,22.2054,22.3180,22.4279,4.75
27.5807,24.8903,23.0829,22.2091,22.3348,22.3963,4.85
27.6896,24.9969,23.1735,22.2332,22.3389,22.3809,4.95
27.6882,25.0651,23.2905,22.3090,22.3328,22.4241,5.05
27.6599,25.0988,23.3490,22.3793,22.3759,22.4834,5.15
27.9221,25.1840,23.3971,22.4144,22.3826,22.4961,5.25
28.1343,25.2675,23.4797,22.3976,22.3725,22.4724,5.35
28.2467,25.3360,23.5586,22.4248,22.3663,22.4621,5.45
28.2026,25.4124,23.6786,22.4730,22.4038,22.4849,5.55
28.3470,25.3988,23.7268,22.5281,22.4663,22.5456,5.65
28.3499,25.4301,23.7618,22.5600,22.4936,22.5590,5.75
28.5774,25.5153,23.7895,22.5873,22.4779,22.5538,5.85
28.9159,25.6141,23.8872,22.5983,22.5047,22.5587,5.95
29.0130,25.6933,23.9676,22.6511,22.5371,22.5722,6.05
29.1424,25.7534,24.0745,22.7250,22.6083,22.6391,6.15
29.0813,25.7815,24.0979,22.7692,22.6459,22.6416,6.25
29.1462,25.7832,24.1455,22.7755,22.6683,22.6434,6.35
29.5653,25.8729,24.1742,22.7887,22.6945,22.6644,6.45
29.4833,26.0247,24.2156,22.8111,22.7103,22.6744,6.55
29.4130,26.0403,24.3442,22.8461,22.7452,22.6984,6.65
29.9607,26.1181,24.4037,22.9347,22.8724,22.7281,6.75
29.9499,26.1993,24.5307,23.0084,22.8952,22.7372,6.85
29.5896,26.1950,24.4869,23.0655,22.9632,22.7519,6.95
29.6266,26.2654,24.5222,23.0921,22.9569,22.7628,7.05
29.8708,26.2511,24.5416,23.1065,22.9976,22.7687,7.15
30.2755,26.3371,24.6125,23.1420,23.0208,22.7846,7.25
30.2380,26.4639,24.7092,23.1824,23.0550,22.8073,7.35
30.9278,26.5566,24.7626,23.2792,23.1790,22.8605,7.45
30.2941,26.6266,24.7852,23.3598,23.2316,22.9066,7.55
30.1816,26.5936,24.8635,23.4156,23.2847,22.9310,7.65
30.6877,26.6235,24.8697,23.4489,23.2859,22.9248,7.75
30.4167,26.6846,24.8988,23.4815,23.2850,22.9317,7.85
30.3612,26.7486,24.9542,23.4839,23.3162,22.9532,7.95
30.6779,26.7592,25.0256,23.5221,23.3644,22.9798,8.05
30.4711,26.9184,25.1167,23.5855,23.4115,22.9992,8.15
30.9517,26.9650,25.1303,23.6738,23.4650,22.9971,8.25
30.8059,26.9389,25.1849,23.7185,23.5215,23.1043,8.35
30.5428,27.0581,25.1609,23.7685,23.5346,23.1063,8.45
30.7932,27.0808,25.2022,23.8074,23.5682,23.1401,8.55
31.2613,27.1024,25.2460,23.8275,23.6022,23.1357,8.65
31.5894,27.2060,25.2913,23.8749,23.5949,23.1319,8.75
31.9512,27.2111,25.3039,23.8809,23.6680,23.1868,8.85
31.1450,27.2682,25.3451,23.9401,23.6671,23.1886,8.95
