u,g,r,i,z,y,time
18.5078,17.7509,18.1122,18.5785,19.0855,19.4648,0.05
19.1827,17.5848,17.8776,18.3755,18.8760,19.3160,0.15
19.7716,17.7998,17.8815,18.4111,18.9841,19.4873,0.25
20.1154,18.1021,17.8168,18.3390,18.9607,19.4913,0.35
20.4080,18.3688,17.7613,18.1452,18.7314,19.2643,0.45
20.6380,18.6109,17.8036,18.0243,18.4592,18.9983,0.55
20.8458,18.8234,17.9170,18.0093,18.2856,18.7630,0.65
20.9716,19.0036,18.0770,18.0641,18.2588,18.6298,0.75
21.1113,19.1738,18.2427,18.1668,18.3235,18.6171,0.85
21.2092,19.3056,18.4014,18.3036,18.4636,18.6950,0.95
21.3103,19.4279,18.5381,18.4593,18.6498,18.8540,1.05
21.3786,19.5508,18.6668,18.6310,18.8324,19.0405,1.15
21.4729,19.6608,18.7891,18.7936,19.0167,19.2364,1.25
21.5557,19.7564,18.8833,18.9290,19.1855,19.4490,1.35
21.6125,19.8658,18.9960,19.0496,19.3285,19.6342,1.45
21.7206,19.9501,19.0801,19.1644,19.4610,19.8023,1.55
21.7441,20.0528,19.1712,19.2711,19.5712,19.9342,1.65
21.8135,20.1127,19.2440,19.3716,19.6875,20.0449,1.75
21.8952,20.2028,19.3432,19.4513,19.7861,20.2185,1.85
21.9274,20.2521,19.4085,19.5383,19.8891,20.3314,1.95
21.9656,20.3393,19.4933,19.6334,19.9889,20.4814,2.05
22.0153,20.4017,19.5564,19.7056,20.0900,20.5911,2.15
22.1259,20.4663,19.6299,19.7867,20.1952,20.7663,2.25
22.1573,20.5209,19.6973,19.8419,20.2957,20.8531,2.35
22.2223,20.5877,19.7670,19.9408,20.3753,20.9909,2.45
22.2846,20.6358,19.8295,20.0168,20.4592,21.0324,2.55
22.3204,20.6883,19.8998,20.0736,20.5490,21.1754,2.65
22.3497,20.7550,19.9634,20.1457,20.6323,21.2576,2.75
22.4182,20.8020,20.0269,20.2275,20.7178,21.3825,2.85
22.4661,20.8600,20.0798,20.2823,20.8062,21.4608,2.95
22.5195,20.9021,20.1500,20.3485,20.8391,21.5539,3.05
22.5601,20.9464,20.2117,20.4173,20.9380,21.6641,3.15
22.6420,21.0091,20.2624,20.4793,20.9857,21.7094,3.25
22.6729,21.0422,20.3172,20.5348,21.0522,21.7781,3.35
22.7223,21.0977,20.3845,20.5849,21.1682,21.8755,3.45
22.7613,21.1557,20.4175,20.6513,21.1986,21.9034,3.55
22.8222,21.1916,20.4707,20.7060,21.2716,22.0157,3.65
22.8624,21.2438,20.5281,20.7769,21.3353,22.0746,3.75
22.9328,21.2881,20.5795,20.8226,21.4092,22.1007,3.85
22.9570,21.3357,20.6185,20.8721,21.4482,22.2035,3.95
23.0056,21.3834,20.6734,20.9377,21.4795,22.2668,4.05
23.0084,21.4270,20.7201,20.9681,21.5705,22.3623,4.15
23.0450,21.4801,20.7654,21.0153,21.6269,22.3995,4.25
23.1403,21.5052,20.7963,21.0649,21.6461,22.3866,4.35
23.1580,21.5705,20.8537,21.1385,21.7182,22.4728,4.45
23.1973,21.6106,20.9082,21.1848,21.7630,22.5172,4.55
23.2486,21.6586,20.9528,21.2477,21.8171,22.5481,4.65
23.2583,21.7077,21.0044,21.2569,21.8825,22.5778,4.75
23.3254,21.7446,21.0398,21.3354,21.9192,22.6378,4.85
23.3430,21.7897,21.0887,21.3551,21.9171,22.6713,4.95
23.3800,21.8315,21.1298,21.4175,22.0311,22.7396,5.05
23.4015,21.8865,21.1838,21.4506,22.0236,22.7273,5.15
23.4848,21.9348,21.2182,21.5048,22.0979,22.8491,5.25
23.5184,21.9889,21.2400,21.5403,22.1226,22.8840,5.35
23.5520,22.0039,21.3048,21.6131,22.1521,22.9018,5.45
23.5777,22.0567,21.3418,21.6425,22.2374,22.9944,5.55
23.5853,22.0870,21.3748,21.6553,22.2725,22.9907,5.65
23.6333,22.1406,21.4298,21.7217,22.2785,23.0306,5.75
23.6517,22.1743,21.4565,21.7540,22.3738,23.0461,5.85
23.7084,22.2132,21.4990,21.8069,22.3927,23.0264,5.95
23.7806,22.2555,21.5318,21.8533,22.4340,23.0950,6.05
23.8103,22.3104,21.5728,21.9065,22.4718,23.0814,6.15
23.8134,22.3566,21.6224,21.9299,22.4859,23.1523,6.25
23.8456,22.3843,21.6810,21.9796,22.5478,23.2256,6.35
23.8989,22.4312,21.7131,22.0063,22.6055,23.2502,6.45
23.9181,22.4839,21.7521,22.0373,22.5855,23.3195,6.55
23.9282,22.5242,21.7924,22.0917,22.6506,23.2878,6.65
24.0300,22.5432,21.8311,22.0918,22.6245,23.4110,6.75
24.0153,22.5772,21.8466,22.1485,22.7581,23.3541,6.85
24.0493,22.6356,21.9058,22.1863,22.7378,23.4376,6.95
24.0518,22.6643,21.9447,22.2503,22.7904,23.4113,7.05
24.1207,22.7312,21.9771,22.2706,22.8371,23.4732,7.15
24.1857,22.7684,22.0125,22.3139,22.8417,23.5306,7.25
24.1503,22.7715,22.0516,22.3643,22.8990,23.5980,7.35
24.2045,22.8259,22.0715,22.3798,22.9327,23.5939,7.45
24.2460,22.8511,22.1230,22.4031,22.9424,23.5185,7.55
24.2947,22.8759,22.1737,22.4496,22.9523,23.5971,7.65
24.3366,22.9392,22.1790,22.4705,23.0321,23.7063,7.75
24.3357,22.9529,22.2297,22.4980,23.0510,23.6641,7.85
24.3777,23.0147,22.2825,22.5433,23.0606,23.7065,7.95
24.4442,23.0416,22.2909,22.5860,23.1343,23.8073,8.05
24.5205,23.0649,22.3479,22.6386,23.1125,23.7843,8.15
24.5694,23.1087,22.3940,22.6478,23.1770,23.7474,8.25
24.5271,23.1376,22.4050,22.6848,23.1720,23.7675,8.35
24.6448,23.1717,22.4493,22.7158,23.2031,23.8654,8.45
24.6711,23.2052,22.4767,22.7224,23.2134,23.8116,8.55
24.6756,23.2167,22.5365,22.8008,23.2822,23.9554,8.65
24.7573,23.2831,22.5533,22.8469,23.2608,23.9431,8.75
24.7703,23.2863,22.5740,22.8105,23.2736,23.9559,8.85
24.8931,23.3544,22.6414,22.9045,23.4170,23.9843,8.95
