u,g,r,i,z,y,time
30.0042,28.9473,29.1801,29.4068,29.6553,29.9381,0.05
29.2436,28.2679,28.5668,28.8234,29.1392,29.4751,0.15
29.5452,28.2219,28.3466,28.5465,28.8457,29.2420,0.25
30.1187,28.4415,28.2549,28.4296,28.6617,29.1062,0.35
30.6565,28.7482,28.2698,28.3971,28.5680,28.9978,0.45
31.3730,29.0836,28.3620,28.3969,28.5733,28.9426,0.55
32.3172,29.4741,28.5809,28.4287,28.6244,28.9555,0.65
32.8698,29.9334,28.9012,28.4751,28.7132,29.0291,0.75
33.4638,30.5834,29.3307,28.5922,28.7820,29.1316,0.85
34.1360,31.3794,29.8254,28.7807,28.8220,29.1577,0.95
34.9196,32.0876,30.3428,28.9955,28.9257,29.0814,1.05
35.6591,32.6358,30.7591,29.2390,29.0894,28.9927,1.15
36.1611,33.1055,31.1014,29.4980,29.2753,28.9707,1.25
37.0176,33.4956,31.3657,29.7833,29.4709,29.0585,1.35
37.5231,33.8842,31.5819,30.0083,29.6365,29.1592,1.45
38.0645,34.0186,31.7138,30.1383,29.7120,29.2303,1.55
38.3045,34.1784,31.8368,30.2566,29.7919,29.3213,1.65
38.6077,34.5049,31.9858,30.3856,29.8743,29.4065,1.75
38.6341,34.4973,31.9901,30.4344,29.9083,29.4797,1.85
38.5755,34.7507,32.1243,30.5312,29.9792,29.5504,1.95
39.0212,34.7164,32.1128,30.5679,29.9711,29.5843,2.05
40.0847,35.0228,32.2512,30.6397,30.0593,29.6640,2.15
39.7709,34.9057,32.2090,30.6455,30.0347,29.6944,2.25
39.6055,35.0944,32.3027,30.6938,30.0714,29.7575,2.35
40.3460,35.1175,32.2974,30.6894,30.0751,29.7791,2.45
39.4411,35.0719,32.2865,30.6959,30.0874,29.8329,2.55
40.3612,35.2775,32.4041,30.7569,30.1036,29.8745,2.65
39.9270,35.1552,32.3401,30.7421,30.1026,29.9237,2.75
40.0694,35.2897,32.4112,30.7637,30.1173,29.9648,2.85
39.8718,35.3404,32.4338,30.7979,30.1343,30.0003,2.95
39.8758,35.3016,32.3714,30.7741,30.1227,30.0860,3.05
40.0434,35.4764,32.4206,30.8068,30.1499,30.1207,3.15
40.1134,35.5445,32.4765,30.8365,30.1633,30.1584,3.25
41.3470,35.4600,32.4236,30.8026,30.1522,30.2414,3.35
41.1576,35.5208,32.4464,30.8389,30.1553,30.2977,3.45
40.5726,35.5781,32.5260,30.8556,30.2002,30.3208,3.55
40.1969,35.5072,32.5080,30.8704,30.1803,30.3792,3.65
40.6697,35.6216,32.5015,30.8702,30.1957,30.4664,3.75
41.6840,35.7378,32.5788,30.8979,30.2289,30.5119,3.85
41.5600,35.8130,32.6405,30.9418,30.2447,30.5155,3.95
41.0786,35.7497,32.5910,30.9189,30.2470,30.6083,4.05
42.2652,35.7053,32.5989,30.9488,30.2700,30.6877,4.15
40.9810,35.7903,32.6454,30.9763,30.2949,30.6948,4.25
40.3759,35.8227,32.6995,31.0067,30.2918,30.7310,4.35
41.4585,35.9242,32.6986,31.0082,30.3151,30.7891,4.45
41.1751,35.9322,32.7069,31.0330,30.3378,30.8886,4.55
41.5061,36.0336,32.7429,31.0466,30.3497,30.9110,4.65
41.3811,36.0782,32.7728,31.0894,30.3974,30.9343,4.75
41.3152,36.0702,32.7927,31.0950,30.3923,30.9803,4.85
41.6722,35.9855,32.7909,31.1086,30.4186,31.0468,4.95
41.1865,36.0619,32.8344,31.1104,30.4577,31.1413,5.05
41.1285,36.1619,32.8557,31.1685,30.4848,31.1269,5.15
40.8784,36.2458,32.9296,31.2100,30.5037,31.1594,5.25
-9999.0000,36.3777,32.9385,31.2052,30.4990,31.1932,5.35
43.6825,36.1877,32.9754,31.2249,30.5570,31.2886,5.45
41.7421,36.2934,32.9751,31.2596,30.5911,31.3336,5.55
41.4354,36.3609,32.9971,31.2760,30.5921,31.3776,5.65
40.9278,36.3842,33.0568,31.3125,30.6220,31.3862,5.75
42.1192,36.5210,33.0699,31.3255,30.6367,31.4143,5.85
41.9560,36.4590,33.1232,31.3361,30.6618,31.4460,5.95
43.2032,36.5223,33.1393,31.3803,30.6941,31.5173,6.05
41.3746,36.6278,33.1908,31.4115,30.7334,31.5765,6.15
42.9656,36.5930,33.2203,31.4374,30.7662,31.5913,6.25
42.5399,36.7784,33.2242,31.4875,30.7832,31.5917,6.35
42.2259,36.7354,33.2884,31.4796,30.7978,31.6586,6.45
41.7134,36.9068,33.3162,31.5279,30.8446,31.6934,6.55
42.4489,36.5931,33.3523,31.5575,30.8757,31.7663,6.65
42.2416,36.7694,33.3385,31.5755,30.9010,31.7831,6.75
41.0614,36.9165,33.3741,31.6071,30.9233,31.8347,6.85
41.4817,36.8676,33.3984,31.6323,30.9459,31.8378,6.95
42.0571,36.8941,33.4364,31.6471,30.9700,31.8552,7.05
43.2028,36.9347,33.4935,31.6878,30.9923,31.8935,7.15
-9999.0000,36.9659,33.5590,31.7055,31.0152,31.8965,7.25
43.1811,37.0095,33.5450,31.7436,31.0650,32.0151,7.35
43.0172,36.9901,33.6022,31.7709,31.0857,32.0314,7.45
42.3082,37.0660,33.6122,31.7957,31.1155,32.0490,7.55
-9999.0000,36.9917,33.6567,31.8377,31.1320,32.0865,7.65
42.1232,37.0493,33.6709,31.8497,31.1745,32.1072,7.75
42.2458,37.0505,33.7155,31.8638,31.1658,32.1001,7.85
-9999.0000,37.2052,33.7264,31.9020,31.2183,32.1550,7.95
42.5463,37.1870,33.7861,31.9413,31.2732,32.1905,8.05
42.5273,37.1514,33.8218,31.9822,31.2982,32.2574,8.15
-9999.0000,37.2424,33.8279,31.9919,31.3120,32.3023,8.25
-9999.0000,37.1967,33.8430,32.0225,31.3399,32.2796,8.35
42.9183,37.3785,33.8588,32.0414,31.3475,32.2982,8.45
42.8456,37.4436,33.8956,32.0582,31.3904,32.3186,8.55
43.0309,37.3728,33.9701,32.0850,31.3961,32.3450,8.65
43.1969,37.1845,33.9772,32.1346,31.4390,32.3983,8.75
-9999.0000,37.3191,34.0480,32.1575,31.4963,32.4299,8.85
57.8230,37.4220,34.0791,32.1897,31.5283,32.5641,8.95
