u,g,r,i,z,y,time
26.3186,23.9929,23.9278,24.2703,24.6034,24.8690,0.05
26.7179,23.8115,23.4195,23.7324,24.0698,24.3853,0.15
26.8994,23.9442,23.1791,23.4429,23.7514,24.0761,0.25
27.0745,24.2714,23.0636,23.2672,23.5448,23.8502,0.35
27.2032,24.6996,23.0629,23.2022,23.4457,23.7571,0.45
27.3325,25.0839,23.1566,23.1686,23.4128,23.7002,0.55
27.4873,25.3597,23.3181,23.1600,23.4208,23.6923,0.65
27.6746,25.5363,23.4999,23.1553,23.4304,23.6624,0.75
27.8225,25.6500,23.6733,23.1781,23.4202,23.6227,0.85
27.9898,25.7697,23.8175,23.2036,23.3779,23.5546,0.95
28.0516,25.8791,23.9408,23.2612,23.3582,23.4926,1.05
28.2001,25.9595,24.0604,23.3066,23.3452,23.4585,1.15
28.2627,26.0384,24.1493,23.3636,23.3504,23.4539,1.25
28.3743,26.1152,24.2389,23.4386,23.3516,23.4522,1.35
28.4256,26.1882,24.3185,23.5109,23.3726,23.4672,1.45
28.5202,26.2391,24.3809,23.5863,23.4110,23.5016,1.55
28.5335,26.2941,24.4398,23.6467,23.4527,23.5333,1.65
28.6260,26.3230,24.5214,23.7231,23.5084,23.5659,1.75
28.6513,26.3699,24.5963,23.7925,23.5769,23.6164,1.85
28.7688,26.4290,24.6343,23.8653,23.6480,23.6762,1.95
28.8026,26.4797,24.7007,23.9300,23.6996,23.7378,2.05
28.8350,26.5231,24.7616,23.9852,23.7793,23.7984,2.15
28.9276,26.5284,24.7876,24.0311,23.8418,23.8624,2.25
28.9688,26.5704,24.8545,24.0851,23.9234,23.9442,2.35
28.8603,26.6193,24.8951,24.1515,23.9756,24.0015,2.45
29.0922,26.6675,24.9483,24.2033,24.0476,24.0878,2.55
29.0840,26.7257,24.9784,24.2531,24.1001,24.1678,2.65
29.0849,26.7378,25.0390,24.3006,24.1751,24.2494,2.75
29.2365,26.7673,25.0939,24.3528,24.2100,24.3083,2.85
29.2350,26.8430,25.1188,24.4007,24.2837,24.3931,2.95
29.3059,26.8472,25.1571,24.4428,24.3283,24.4822,3.05
29.2497,26.8860,25.2107,24.4885,24.3787,24.5400,3.15
29.2424,26.9326,25.2525,24.5296,24.4328,24.6310,3.25
29.4012,27.0014,25.2772,24.5782,24.4867,24.6717,3.35
29.3733,27.0212,25.3450,24.6095,24.5185,24.7376,3.45
29.4469,27.0559,25.3622,24.6415,24.5554,24.8103,3.55
29.2992,27.0866,25.4128,24.6806,24.6261,24.8701,3.65
29.4217,27.1297,25.4589,24.7260,24.6560,24.9292,3.75
29.4337,27.1810,25.4847,24.7683,24.7044,24.9919,3.85
29.4788,27.2174,25.5182,24.8108,24.7276,25.0453,3.95
29.5317,27.2268,25.5704,24.8516,24.7728,25.1109,4.05
29.5448,27.2647,25.5916,24.8901,24.8123,25.1250,4.15
29.6111,27.3276,25.6411,24.9228,24.8676,25.1855,4.25
29.6222,27.3467,25.7030,24.9628,24.8931,25.2094,4.35
29.6487,27.3675,25.7206,24.9952,24.9195,25.2641,4.45
29.7709,27.4216,25.7611,25.0439,24.9510,25.3185,4.55
29.6536,27.4333,25.8094,25.0554,24.9934,25.3205,4.65
29.7829,27.4678,25.8064,25.1198,25.0150,25.3574,4.75
29.7747,27.5031,25.8580,25.1510,25.0658,25.4109,4.85
29.7497,27.5362,25.8836,25.1825,25.1068,25.4610,4.95
29.8293,27.5441,25.9192,25.2115,25.1153,25.5019,5.05
29.9559,27.5969,25.9670,25.2763,25.1549,25.5465,5.15
29.9181,27.6383,26.0036,25.2954,25.1741,25.5462,5.25
29.8536,27.6661,26.0361,25.3253,25.2271,25.6048,5.35
30.0189,27.6975,26.0478,25.3522,25.2556,25.6656,5.45
29.9515,27.7502,26.0719,25.3882,25.2847,25.6861,5.55
30.0003,27.7583,26.1229,25.4335,25.3397,25.7134,5.65
30.0558,27.7681,26.1469,25.4688,25.3413,25.7556,5.75
30.0138,27.7878,26.1751,25.5099,25.3952,25.7591,5.85
30.0733,27.8209,26.2238,25.5411,25.4195,25.7884,5.95
30.0742,27.8648,26.2412,25.5800,25.4398,25.8500,6.05
30.0921,27.8922,26.2812,25.5935,25.4776,25.8561,6.15
30.1564,27.9352,26.3204,25.6443,25.5324,25.8994,6.25
30.1301,27.9446,26.3653,25.6548,25.5538,25.9382,6.35
30.1800,27.9641,26.3761,25.7067,25.5766,25.9925,6.45
30.1243,28.0335,26.4170,25.7293,25.6102,26.0245,6.55
30.1712,28.0766,26.4441,25.7663,25.6623,26.0688,6.65
30.2396,28.0796,26.4917,25.7922,25.7038,26.0551,6.75
30.2116,28.0833,26.5259,25.8502,25.7190,26.1108,6.85
30.1876,28.1558,26.5336,25.8801,25.7134,26.1545,6.95
30.3005,28.1379,26.5542,25.9134,25.7848,26.2305,7.05
30.3363,28.2170,26.5847,25.9219,25.8331,26.2153,7.15
30.3621,28.2172,26.6415,25.9552,25.8521,26.3007,7.25
30.4291,28.2631,26.6588,25.9735,25.9069,26.2723,7.35
30.3730,28.2724,26.6610,26.0237,25.9054,26.3311,7.45
30.3877,28.2914,26.7103,26.0854,25.9386,26.3798,7.55
30.3723,28.3213,26.7454,26.0878,25.9737,26.3896,7.65
30.4750,28.3419,26.7564,26.1094,26.0376,26.4704,7.75
30.5612,28.3870,26.7773,26.1548,26.0792,26.4956,7.85
30.5741,28.4013,26.8416,26.1740,26.0852,26.5199,7.95
30.5556,28.3992,26.8512,26.2012,26.1207,26.5013,8.05
30.5240,28.4697,26.8728,26.2399,26.1273,26.5825,8.15
30.5309,28.4383,26.9037,26.2651,26.1724,26.5976,8.25
30.5644,28.5039,26.9280,26.3061,26.1957,26.6571,8.35
30.6061,28.5482,26.9882,26.3340,26.2338,26.7279,8.45
30.5836,28.5678,27.0133,26.3741,26.2620,26.7371,8.55
30.6453,28.5672,27.0295,26.3939,26.2903,26.7443,8.65
30.6551,28.6112,27.0370,26.4213,26.3349,26.7861,8.75
30.6777,28.6138,27.0769,26.4546,26.3645,26.8440,8.85
30.6520,28.6424,27.1189,26.4967,26.4774,26.8955,8.95
