u,g,r,i,z,y,time
27.9290,25.8866,25.4215,25.6790,26.0086,26.3236,0.05
28.0619,25.7094,25.0023,25.2412,25.6220,25.9949,0.15
28.7390,26.2866,24.9122,25.1092,25.4957,25.8670,0.25
29.5198,27.0194,25.0917,25.1026,25.5675,25.9139,0.35
30.2054,27.4717,25.4573,25.1107,25.6376,26.0241,0.45
30.8552,27.8049,25.8601,25.0900,25.5258,25.9727,0.55
31.3135,28.0793,26.1779,25.1260,25.3189,25.7800,0.65
31.6010,28.3338,26.4122,25.2263,25.1818,25.5829,0.75
31.7969,28.5508,26.5884,25.3559,25.1349,25.4486,0.85
32.1153,28.7014,26.7494,25.4817,25.1655,25.4022,0.95
32.1081,28.8505,26.8633,25.5994,25.2429,25.3949,1.05
32.3384,28.9574,26.9582,25.7131,25.3488,25.4416,1.15
32.1548,29.0431,27.0572,25.8212,25.4558,25.5176,1.25
32.4114,29.1427,27.1282,25.9218,25.5776,25.6431,1.35
32.6002,29.1774,27.1755,26.0069,25.6827,25.7778,1.45
32.4493,29.2359,27.2446,26.0852,25.7864,25.9246,1.55
32.5142,29.2850,27.2856,26.1562,25.8869,26.0487,1.65
32.5828,29.3206,27.3297,26.2319,25.9713,26.2034,1.75
32.6685,29.3826,27.3936,26.2827,26.0623,26.3402,1.85
32.8315,29.4324,27.4270,26.3474,26.1238,26.4974,1.95
32.8274,29.4613,27.4591,26.4116,26.2056,26.5943,2.05
32.7427,29.5068,27.5273,26.4456,26.2774,26.7205,2.15
32.9367,29.5627,27.5596,26.4968,26.3317,26.7991,2.25
32.7612,29.5962,27.5873,26.5545,26.3830,26.9001,2.35
32.6922,29.6361,27.6273,26.6073,26.4403,26.9590,2.45
32.7523,29.6514,27.6728,26.6384,26.4911,27.0371,2.55
33.0365,29.6876,27.7178,26.6838,26.5259,27.1340,2.65
33.0130,29.7573,27.7552,26.7169,26.5805,27.1779,2.75
32.9272,29.7973,27.7859,26.7755,26.6262,27.2564,2.85
33.1005,29.8092,27.8233,26.8273,26.6789,27.3094,2.95
32.9878,29.8259,27.8602,26.8605,26.7110,27.3676,3.05
33.0736,29.8778,27.9017,26.9066,26.7544,27.4065,3.15
32.9799,29.9153,27.9166,26.9581,26.8036,27.4885,3.25
33.1396,29.9324,27.9520,26.9945,26.8600,27.5722,3.35
33.1608,29.9359,27.9885,27.0413,26.8921,27.5850,3.45
33.1299,29.9870,28.0207,27.0589,26.9250,27.6609,3.55
33.1914,29.9940,28.0531,27.1069,26.9944,27.7215,3.65
33.3740,30.0649,28.0758,27.1551,27.0223,27.7725,3.75
33.3807,30.0822,28.1147,27.1901,27.0715,27.8185,3.85
33.3323,30.1060,28.1471,27.2180,27.1132,27.8727,3.95
33.1952,30.1418,28.1838,27.2638,27.1518,27.9221,4.05
33.3780,30.1228,28.2187,27.3079,27.2038,28.0035,4.15
33.4140,30.1707,28.2367,27.3413,27.2355,28.0321,4.25
33.2706,30.2042,28.2542,27.3784,27.3053,28.0955,4.35
33.3953,30.2121,28.2997,27.4207,27.3317,28.1505,4.45
33.6132,30.2752,28.3213,27.4592,27.3812,28.2228,4.55
33.6021,30.2561,28.3565,27.4824,27.4461,28.2496,4.65
33.3877,30.2784,28.3830,27.5286,27.4708,28.3042,4.75
33.5576,30.3430,28.4160,27.5655,27.5222,28.3472,4.85
33.5670,30.3267,28.4514,27.6017,27.5676,28.4508,4.95
33.6620,30.3696,28.4730,27.6297,27.6249,28.5152,5.05
33.7595,30.3941,28.5034,27.6751,27.6900,28.5301,5.15
33.5990,30.4215,28.5279,27.7093,27.7126,28.6460,5.25
33.7983,30.4654,28.5749,27.7273,27.7416,28.6738,5.35
33.6057,30.4486,28.5950,27.7761,27.8080,28.7079,5.45
33.6606,30.4524,28.6096,27.8046,27.8370,28.7409,5.55
33.7531,30.4630,28.6743,27.8548,27.8808,28.7719,5.65
33.6447,30.5222,28.6934,27.8705,27.9386,28.8490,5.75
33.9448,30.5025,28.6924,27.9164,27.9946,28.8923,5.85
33.8933,30.5598,28.7613,27.9528,28.0230,28.9295,5.95
33.9532,30.5761,28.7574,27.9685,28.0738,29.0396,6.05
33.9116,30.5730,28.8051,27.9930,28.0834,29.0667,6.15
34.0470,30.6125,28.8541,28.0604,28.1477,29.1693,6.25
34.0487,30.6103,28.8675,28.0876,28.1792,29.1439,6.35
33.8442,30.6563,28.8989,28.1167,28.2195,29.1773,6.45
34.1203,30.6627,28.9153,28.1622,28.2813,29.2754,6.55
33.9562,30.7044,28.9600,28.1722,28.2940,29.3155,6.65
34.1101,30.6753,28.9854,28.2165,28.3302,29.3773,6.75
34.1518,30.7456,29.0427,28.2356,28.3793,29.4321,6.85
33.9395,30.7330,29.0299,28.2580,28.4495,29.4295,6.95
34.1482,30.7374,29.0610,28.3306,28.4799,29.4827,7.05
34.1018,30.7719,29.0920,28.3576,28.4936,29.5052,7.15
34.0915,30.7917,29.1345,28.3724,28.5604,29.5664,7.25
34.0233,30.7956,29.1805,28.4079,28.5976,29.6187,7.35
34.2713,30.8211,29.1881,28.4170,28.6106,29.6551,7.45
34.2489,30.8388,29.2184,28.4706,28.6411,29.7061,7.55
34.2690,30.8483,29.2344,28.5006,28.6957,29.7447,7.65
34.2367,30.8820,29.2589,28.5353,28.7176,29.7400,7.75
34.3219,30.9139,29.3016,28.5727,28.7666,29.8024,7.85
34.1872,30.8885,29.3408,28.5994,28.8105,29.8510,7.95
34.2848,30.9134,29.3304,28.6288,28.8390,29.8873,8.05
34.1435,30.9123,29.3810,28.6534,28.8693,29.9285,8.15
34.3149,30.9730,29.3987,28.6856,28.9357,30.0670,8.25
34.3054,30.9772,29.4128,28.7281,28.9626,30.0434,8.35
34.2694,30.9852,29.4369,28.7698,28.9891,30.0515,8.45
34.4345,30.9629,29.4799,28.7940,28.9985,30.0657,8.55
34.5097,31.0340,29.5096,28.8280,29.0934,30.0962,8.65
34.3740,31.0729,29.5537,28.8458,29.1029,30.1162,8.75
34.4347,31.0322,29.5599,28.8723,29.1280,30.2532,8.85
34.4987,31.0427,29.6052,28.8959,29.1658,30.2815,8.95
