u,g,r,i,z,y,time
41.5362,38.0039,35.3356,33.6188,32.4001,31.5865,0.05
-9999.0000,38.9411,35.9272,34.0262,32.5283,31.2610,0.15
-9999.0000,39.1300,36.4206,34.2556,32.6761,31.3224,0.25
-9999.0000,38.9107,36.6785,34.3432,32.9645,31.5124,0.35
-9999.0000,39.4079,36.6610,34.6118,33.2809,31.7960,0.45
-9999.0000,39.9511,36.8628,34.6276,33.4674,32.0552,0.55
-9999.0000,39.9979,36.8219,34.8430,33.5638,32.2249,0.65
-9999.0000,39.8642,36.6829,34.8630,33.5748,32.3939,0.75
-9999.0000,41.1320,37.0485,35.0038,33.5931,32.5448,0.85
-9999.0000,41.3199,37.0125,35.0590,33.5220,32.5810,0.95
-9999.0000,40.6947,36.9964,35.1276,33.6830,32.6853,1.05
-9999.0000,40.6336,37.1345,35.1222,33.7032,32.7749,1.15
-9999.0000,41.2349,37.2321,35.1975,33.7104,32.7918,1.25
-9999.0000,42.1833,37.0917,35.1699,33.6719,32.8432,1.35
-9999.0000,41.0524,37.0829,35.2197,33.7092,32.8388,1.45
-9999.0000,42.2302,37.2504,35.2885,33.7053,32.8088,1.55
-9999.0000,40.9700,37.3309,35.2732,33.7589,32.8572,1.65
-9999.0000,41.3279,37.1394,35.1973,33.7402,32.8534,1.75
-9999.0000,40.7832,37.4075,35.3444,33.7915,32.8774,1.85
-9999.0000,41.0469,37.4305,35.3289,33.8760,32.8393,1.95
-9999.0000,41.0463,37.2671,35.4280,33.8426,32.8893,2.05
-9999.0000,41.2309,37.2465,35.4468,33.9256,32.8942,2.15
-9999.0000,41.2813,37.4658,35.3764,33.9477,32.9176,2.25
-9999.0000,40.8610,37.3128,35.4431,34.0597,32.9708,2.35
-9999.0000,41.1953,37.2979,35.4688,34.0275,32.9932,2.45
-9999.0000,41.5036,37.3671,35.4112,34.1112,33.1030,2.55
-9999.0000,42.3262,37.3844,35.4517,34.1554,33.0965,2.65
-9999.0000,41.1506,37.4343,35.5983,34.3092,33.1417,2.75
-9999.0000,43.2312,37.3970,35.5530,34.3882,33.1976,2.85
-9999.0000,41.5846,37.2989,35.5612,34.3081,33.2384,2.95
-9999.0000,41.9285,37.6736,35.4497,34.4043,33.3025,3.05
-9999.0000,41.4180,37.4007,35.7456,34.4649,33.4273,3.15
-9999.0000,42.1469,37.3926,35.5809,34.5411,33.4429,3.25
-9999.0000,41.6886,37.3127,35.5904,34.6127,33.5198,3.35
-9999.0000,42.9028,37.2100,35.6480,34.7457,33.5545,3.45
-9999.0000,42.2560,37.3907,35.7097,34.6294,33.6883,3.55
-9999.0000,42.4563,37.3614,35.6267,34.7670,33.7526,3.65
-9999.0000,41.2898,37.4926,35.6012,34.6691,33.8113,3.75
-9999.0000,41.5898,37.4316,35.7341,34.8511,33.8149,3.85
-9999.0000,41.4459,37.3976,35.7873,34.8200,33.9894,3.95
-9999.0000,40.9994,37.5476,35.6414,34.8436,34.0127,4.05
-9999.0000,42.8674,37.5480,35.7666,34.8985,34.0710,4.15
-9999.0000,42.1808,37.5416,35.8437,34.9071,34.0626,4.25
-9999.0000,43.1983,37.3773,35.8227,34.9277,34.1914,4.35
-9999.0000,42.8492,37.3814,35.8729,34.9964,34.2675,4.45
-9999.0000,43.8133,37.2709,35.8215,35.0773,34.3286,4.55
-9999.0000,42.7708,37.3471,35.9474,35.1813,34.3785,4.65
-9999.0000,-9999.0000,37.5422,35.8073,35.1722,34.4253,4.75
-9999.0000,44.3364,37.4170,35.9360,35.1771,34.4580,4.85
-9999.0000,42.4004,37.7187,35.9433,35.2916,34.5528,4.95
-9999.0000,-9999.0000,37.8154,36.0124,35.3149,34.7048,5.05
-9999.0000,45.1189,38.2641,36.0253,35.4296,34.6913,5.15
-9999.0000,43.4836,37.9704,36.0515,35.4046,34.7605,5.25
-9999.0000,46.7369,38.0705,36.1551,35.5045,34.8763,5.35
-9999.0000,43.4667,38.0697,36.0990,35.3620,34.8835,5.45
-9999.0000,45.7452,37.8445,36.1255,35.6173,35.0583,5.55
-9999.0000,-9999.0000,37.8461,36.2088,35.6554,34.9910,5.65
-9999.0000,45.4942,37.8071,36.2699,35.5767,35.0628,5.75
-9999.0000,-9999.0000,37.7639,36.3307,35.6537,35.3501,5.85
-9999.0000,55.5661,37.7940,36.2840,35.6748,35.2027,5.95
-9999.0000,46.6823,37.7563,36.4012,35.8361,35.2575,6.05
-9999.0000,-9999.0000,37.8058,36.3464,35.7862,35.4375,6.15
-9999.0000,44.1353,38.0160,36.4070,35.7493,35.4854,6.25
-9999.0000,-9999.0000,38.1019,36.4458,35.9557,35.4585,6.35
-9999.0000,-9999.0000,37.9932,36.3917,35.9316,35.4738,6.45
-9999.0000,-9999.0000,37.9834,36.3799,35.9164,35.4826,6.55
-9999.0000,-9999.0000,37.7313,36.2616,35.9861,35.4951,6.65
-9999.0000,-9999.0000,37.8049,36.1923,36.1248,35.6228,6.75
-9999.0000,-9999.0000,37.8893,36.1704,36.0740,35.6440,6.85
-9999.0000,55.9108,37.6491,36.0868,36.0802,35.6573,6.95
-9999.0000,-9999.0000,37.8116,36.1303,36.1426,35.7803,7.05
-9999.0000,-9999.0000,38.0485,36.0021,36.3504,35.8485,7.15
-9999.0000,-9999.0000,38.2296,36.1648,36.2912,35.8668,7.25
-9999.0000,47.2793,38.2347,36.1673,36.3090,35.7831,7.35
-9999.0000,-9999.0000,38.1089,36.2372,36.2209,35.9406,7.45
-9999.0000,48.9783,38.6104,36.2854,36.2713,35.9706,7.55
-9999.0000,-9999.0000,38.3614,36.3508,36.2300,36.1888,7.65
-9999.0000,-9999.0000,38.2844,36.3864,36.1075,36.2635,7.75
-9999.0000,-9999.0000,37.9969,36.4419,36.2181,36.2341,7.85
-9999.0000,48.9834,37.8883,36.3647,36.1209,36.1630,7.95
-9999.0000,49.2667,37.6979,36.3783,36.1060,36.0953,8.05
-9999.0000,-9999.0000,37.7856,36.3826,35.9989,36.1556,8.15
-9999.0000,-9999.0000,37.6973,36.3159,36.0395,36.1494,8.25
-9999.0000,-9999.0000,37.7612,36.2260,36.0985,36.1094,8.35
-9999.0000,45.1184,37.7682,36.1733,35.9985,36.0574,8.45
-9999.0000,49.2611,37.9357,36.2147,36.1674,36.1386,8.55
-9999.0000,49.2617,38.2834,36.0850,36.2471,36.0802,8.65
-9999.0000,-9999.0000,38.3265,36.1719,36.2298,36.0994,8.75
-9999.0000,-9999.0000,38.7478,36.1111,36.2644,36.1443,8.85
-9999.0000,-9999.0000,38.6845,36.1351,36.2301,36.2132,8.95
