u,g,r,i,z,y,time
35.4955,33.2050,31.5111,30.0240,29.0489,28.3810,0.05
36.5088,34.0490,31.8050,30.3464,29.0639,28.4515,0.15
37.8216,34.4881,32.1334,30.6486,29.3437,28.5791,0.25
38.8977,35.1345,32.6079,31.0168,29.6911,28.7487,0.35
39.1299,35.6297,32.9394,31.2616,30.0220,28.9921,0.45
39.6820,36.0956,33.3193,31.5716,30.2981,29.2288,0.55
39.9908,36.3738,33.6085,31.8220,30.5846,29.4508,0.65
41.1244,36.1308,33.8053,31.9934,30.8520,29.6960,0.75
39.9036,36.5722,34.0512,32.1759,31.0315,29.9126,0.85
39.8250,36.4702,34.2649,32.3416,31.2556,30.1138,0.95
40.6558,36.5841,34.4661,32.5502,31.3879,30.3187,1.05
40.7490,37.0263,34.5437,32.7900,31.5730,30.4771,1.15
44.3029,36.8943,34.5890,32.8424,31.7056,30.6910,1.25
-9999.0000,37.0310,34.8008,33.0332,31.7500,30.8949,1.35
-9999.0000,37.3322,34.8936,33.0727,31.7906,31.0371,1.45
42.0503,37.4394,34.8450,33.1674,31.9653,31.1833,1.55
-9999.0000,37.7070,34.9831,33.3044,32.1027,31.2962,1.65
43.5882,37.8946,35.0499,33.4399,32.0735,31.3609,1.75
-9999.0000,37.6110,35.0397,33.4310,32.2007,31.4294,1.85
-9999.0000,38.0357,35.1352,33.5397,32.2871,31.4856,1.95
-9999.0000,37.8442,35.1532,33.5679,32.3190,31.5530,2.05
-9999.0000,37.9604,35.1039,33.6720,32.3552,31.5719,2.15
-9999.0000,38.3917,35.2203,33.6571,32.4899,31.6545,2.25
-9999.0000,38.7405,35.3249,33.7753,32.4945,31.6727,2.35
-9999.0000,39.1147,35.5179,33.7592,32.5904,31.7468,2.45
-9999.0000,38.4565,35.2187,33.7931,32.6256,31.7428,2.55
-9999.0000,38.5899,35.3771,33.9057,32.7253,31.8726,2.65
-9999.0000,38.3751,35.4629,33.9273,32.8181,31.9113,2.75
-9999.0000,38.2716,35.4546,34.0241,32.8022,31.9553,2.85
-9999.0000,38.1631,35.4964,34.1429,32.9741,32.0569,2.95
-9999.0000,38.3445,35.7026,34.0876,32.9584,32.1710,3.05
-9999.0000,38.0862,35.7077,34.1035,33.0703,32.1912,3.15
-9999.0000,38.0798,35.6866,34.2526,33.1559,32.2637,3.25
-9999.0000,38.3141,35.5874,34.2051,33.1853,32.3968,3.35
-9999.0000,38.7100,35.7168,34.2549,33.2580,32.3996,3.45
-9999.0000,39.0978,35.6486,34.3390,33.4082,32.5069,3.55
-9999.0000,38.7935,35.7954,34.4099,33.4285,32.6150,3.65
-9999.0000,39.0440,35.6048,34.4233,33.4464,32.6852,3.75
-9999.0000,38.8373,35.7950,34.3555,33.6342,32.7004,3.85
-9999.0000,39.0902,35.8107,34.4091,33.6493,32.8726,3.95
-9999.0000,39.1787,35.7573,34.4811,33.7610,32.8927,4.05
-9999.0000,39.0808,35.8194,34.5506,33.8047,32.9264,4.15
-9999.0000,39.3878,35.8779,34.6248,33.6842,33.0064,4.25
-9999.0000,39.1930,35.8893,34.5488,33.9036,33.1180,4.35
-9999.0000,39.1269,35.8585,34.6577,33.8481,33.1316,4.45
-9999.0000,39.3553,35.9788,34.6687,33.9593,33.1744,4.55
-9999.0000,39.4067,35.9660,34.7025,33.9706,33.2385,4.65
-9999.0000,39.9432,36.1678,34.8575,33.9858,33.2868,4.75
-9999.0000,40.0709,36.2515,34.7911,34.0680,33.4630,4.85
-9999.0000,39.9022,36.3467,34.8939,34.1369,33.4865,4.95
-9999.0000,40.9720,36.2827,34.8690,34.1814,33.5583,5.05
-9999.0000,40.1745,36.4582,34.8299,34.2052,33.7176,5.15
-9999.0000,40.7799,36.5493,35.0458,34.3981,33.7070,5.25
-9999.0000,41.2414,36.6353,35.1187,34.3495,33.7861,5.35
-9999.0000,40.6278,36.5706,35.1116,34.4728,33.7984,5.45
-9999.0000,41.4404,36.6608,35.1667,34.5239,33.9047,5.55
-9999.0000,40.4682,36.6619,35.1080,34.5333,33.9651,5.65
-9999.0000,40.5956,36.5725,35.2648,34.6026,34.0171,5.75
-9999.0000,41.3703,36.4024,35.3091,34.6769,34.0884,5.85
-9999.0000,40.6249,36.2814,35.3870,34.5292,34.1505,5.95
-9999.0000,41.3869,36.3347,35.5224,34.7405,34.2422,6.05
-9999.0000,41.4547,36.1020,35.6165,34.7438,34.2283,6.15
-9999.0000,41.4345,36.2960,35.6321,34.7230,34.4038,6.25
-9999.0000,42.3603,36.1198,35.6860,34.8485,34.4202,6.35
-9999.0000,41.3933,36.1965,35.6380,34.8578,34.4802,6.45
-9999.0000,42.4291,36.2755,35.7339,35.0379,34.4682,6.55
-9999.0000,41.0044,36.4544,35.6481,35.0888,34.5436,6.65
-9999.0000,42.0589,36.5367,35.6914,35.0643,34.7032,6.75
-9999.0000,41.2678,36.6421,35.7093,35.1653,34.6154,6.85
-9999.0000,41.5972,36.7168,35.6356,35.1213,34.7168,6.95
-9999.0000,41.6871,36.6132,35.4989,35.2347,34.7851,7.05
-9999.0000,41.9444,36.5874,35.5005,35.4038,34.8582,7.15
-9999.0000,42.3753,36.4123,35.5475,35.2953,34.8679,7.25
-9999.0000,41.6177,36.4404,35.5300,35.4269,34.8705,7.35
-9999.0000,42.7793,36.2905,35.4566,35.4239,35.0318,7.45
-9999.0000,43.7340,36.3794,35.3844,35.5774,35.0316,7.55
-9999.0000,42.3141,36.4572,35.3663,35.5537,35.0510,7.65
-9999.0000,42.5955,36.6279,35.2615,35.5963,35.1901,7.75
-9999.0000,43.8176,36.9953,35.2395,35.6468,35.1788,7.85
-9999.0000,43.4116,37.2970,35.2168,35.4306,35.1843,7.95
-9999.0000,45.3717,37.4654,35.2324,35.4902,35.2639,8.05
-9999.0000,44.4683,37.5617,35.2935,35.4343,35.2399,8.15
-9999.0000,42.5511,37.6337,35.3276,35.4456,35.1072,8.25
-9999.0000,43.2890,37.5372,35.4989,35.3866,35.2296,8.35
-9999.0000,42.0656,37.6488,35.4699,35.2421,35.2218,8.45
-9999.0000,45.7360,37.6389,35.5914,35.3167,35.2754,8.55
-9999.0000,44.7424,37.5015,35.6131,35.3694,35.2188,8.65
-9999.0000,44.4325,37.3554,35.7832,35.2578,35.3000,8.75
-9999.0000,43.3871,37.5404,35.8296,35.1944,35.1871,8.85
-9999.0000,43.4730,37.6503,35.9195,35.3683,35.3235,8.95
