u,g,r,i,z,y,time
26.9483,26.4939,26.5522,26.4396,26.8398,26.7910,0.05
27.0853,26.5605,26.0224,25.8721,26.0728,26.1774,0.15
27.2484,26.4301,25.7732,25.6757,25.7601,25.7652,0.25
27.4437,26.4403,25.6137,25.3456,25.3854,25.4326,0.35
27.7970,26.4623,25.5065,25.1495,25.2377,25.0300,0.45
27.7803,26.4921,25.4981,25.0090,25.0907,24.9037,0.55
27.7640,26.4479,25.4550,24.8782,24.9510,24.7594,0.65
27.9499,26.5149,25.5203,24.8016,24.8209,24.5143,0.75
28.0224,26.5494,25.5170,24.8026,24.7753,24.3706,0.85
28.1863,26.6627,25.6108,24.6422,24.6803,24.2939,0.95
28.2489,26.6591,25.6387,24.5642,24.5635,24.1264,1.05
28.1484,26.6490,25.6537,24.5738,24.5585,24.0806,1.15
28.3465,26.6901,25.6732,24.5062,24.4967,24.0167,1.25
28.5398,26.8206,25.7832,24.4259,24.4602,23.9498,1.35
28.3390,26.7371,25.7288,24.4586,24.4204,23.8644,1.45
28.5160,26.8106,25.7551,24.4472,24.3959,23.8469,1.55
28.8589,26.8718,25.7877,24.4302,24.3852,23.7348,1.65
28.8831,26.8478,25.7515,24.4161,24.2996,23.7239,1.75
28.9702,27.0894,25.9353,24.4865,24.3558,23.6764,1.85
28.8613,26.9931,25.7855,24.4423,24.2304,23.6744,1.95
29.4254,27.0651,25.8895,24.4966,24.3335,23.7000,2.05
29.2512,27.0692,25.8366,24.4314,24.2132,23.6141,2.15
29.6529,27.2939,25.9906,24.6016,24.3031,23.5938,2.25
29.5024,27.1868,25.8232,24.4773,24.1913,23.6221,2.35
29.7924,27.4202,26.1067,24.6014,24.3177,23.5929,2.45
30.0500,27.4719,25.9423,24.5523,24.2247,23.6355,2.55
30.3389,27.4019,26.0306,24.6135,24.1961,23.5849,2.65
30.2076,27.6096,26.1561,24.7018,24.3209,23.6264,2.75
29.7728,27.5091,25.9882,24.5576,24.1553,23.5990,2.85
30.0605,27.7742,26.2290,24.7585,24.3037,23.6629,2.95
30.8107,27.9002,26.2288,24.7804,24.3270,23.6778,3.05
30.6978,27.8409,26.0471,24.6584,24.2062,23.5985,3.15
30.8842,27.8865,26.3427,24.8678,24.3325,23.6692,3.25
30.3737,28.0077,26.4500,24.9462,24.4373,23.7267,3.35
30.2746,27.9259,26.2307,24.7928,24.2955,23.6994,3.45
30.7871,28.0491,26.2834,24.8140,24.2906,23.6803,3.55
32.3052,28.5474,26.6901,25.0544,24.4913,23.8266,3.65
31.0643,28.4690,26.6096,25.0539,24.4672,23.7689,3.75
30.9867,28.3508,26.4919,24.9461,24.3500,23.6956,3.85
32.1155,28.6708,26.7088,25.0751,24.4763,23.7885,3.95
32.3489,28.8087,26.8244,25.2515,24.5625,23.8738,4.05
32.1503,28.5898,26.7147,25.2092,24.5312,23.8277,4.15
32.4887,28.7420,26.7508,25.1041,24.4861,23.8256,4.25
32.3995,28.8540,27.0190,25.1828,24.5550,23.8612,4.35
34.5497,29.1379,27.1347,25.3271,24.7257,23.9879,4.45
31.6411,29.0670,27.1307,25.3744,24.7240,23.9981,4.55
32.8070,28.9501,26.9649,25.2068,24.6221,23.9136,4.65
34.0138,28.9686,27.0758,25.2238,24.6092,23.8283,4.75
33.9404,29.4438,27.2615,25.5006,24.7667,23.9792,4.85
33.1711,29.5850,27.3975,25.5946,24.8675,24.1121,4.95
33.9207,29.5417,27.4138,25.5293,24.8459,24.0447,5.05
32.8539,29.3610,27.2030,25.3898,24.7757,23.9737,5.15
32.6706,29.5989,27.3929,25.4540,24.7867,23.9684,5.25
33.8049,29.8302,27.7095,25.6311,24.9257,24.0454,5.35
32.3147,30.1580,27.7191,25.7748,24.9692,24.1322,5.45
33.4147,30.0101,27.6475,25.6725,25.0141,24.1498,5.55
34.7151,29.5924,27.6012,25.6185,24.8861,24.0483,5.65
32.9006,29.8412,27.5981,25.6323,24.9142,24.0431,5.75
33.1982,30.3763,27.8635,25.7548,24.9917,24.0896,5.85
33.9900,30.3220,27.9831,25.9730,25.1471,24.2252,5.95
36.0364,30.3673,27.9735,25.8943,25.1289,24.2429,6.05
36.7953,30.4038,27.8681,25.8711,25.1401,24.2556,6.15
33.7447,30.1914,27.8965,25.8787,25.0770,24.1835,6.25
33.6079,30.3173,27.9290,25.8478,25.1244,24.1471,6.35
33.7128,30.6045,28.2438,26.0567,25.2230,24.1615,6.45
33.9073,30.5990,28.3554,26.1363,25.3115,24.2717,6.55
-9999.0000,31.1743,28.2289,26.2144,25.3270,24.3614,6.65
-9999.0000,31.0800,28.2190,26.1650,25.3551,24.3529,6.75
36.2748,30.7245,28.2452,26.1609,25.3294,24.3365,6.85
35.7254,30.8604,28.3582,26.0464,25.2651,24.3004,6.95
-9999.0000,30.9964,28.3849,26.1226,25.3510,24.3279,7.05
37.2231,31.6311,28.6278,26.3236,25.4501,24.3305,7.15
-9999.0000,31.6867,28.6738,26.3144,25.5168,24.4217,7.25
35.6190,31.2208,28.7637,26.4817,25.6099,24.5222,7.35
-9999.0000,30.8925,28.8961,26.4747,25.5618,24.5165,7.45
33.5628,31.5252,28.8347,26.4277,25.5631,24.4910,7.55
33.5646,31.5681,28.8018,26.4226,25.5340,24.4633,7.65
36.4186,31.8697,28.8101,26.5245,25.6456,24.4249,7.75
-9999.0000,32.3736,28.8424,26.5637,25.6749,24.5017,7.85
-9999.0000,31.8922,28.9951,26.6854,25.7757,24.5472,7.95
38.5213,32.1461,29.2115,26.7240,25.8168,24.6562,8.05
37.3359,32.2967,29.2103,26.7710,25.8236,24.6847,8.15
-9999.0000,32.1081,29.2097,26.7665,25.9529,24.7515,8.25
-9999.0000,32.1357,29.3009,26.8483,25.9259,24.7324,8.35
36.4880,31.4520,29.0793,26.8493,25.8439,24.7039,8.45
-9999.0000,32.6102,29.4466,26.7951,25.8940,24.7344,8.55
-9999.0000,33.2663,29.5984,26.9616,26.0197,24.7679,8.65
-9999.0000,32.2147,29.6932,27.0250,26.1458,24.7288,8.75
-9999.0000,33.2389,29.4918,27.1543,26.0960,24.8769,8.85
-9999.0000,33.2805,29.7302,27.1421,26.1819,24.9176,8.95
