u,g,r,i,z,y,time
28.7386,26.9955,25.1799,24.2654,24.1403,24.2682,0.05
29.3472,27.1898,25.2306,24.1368,23.7148,23.7891,0.15
30.0438,27.5061,25.3588,24.2317,23.5842,23.5342,0.25
30.3461,27.7642,25.5464,24.3645,23.6144,23.4666,0.35
30.7247,27.9818,25.7542,24.4786,23.7438,23.4932,0.45
30.9070,28.2140,25.9938,24.5906,23.8646,23.5293,0.55
31.4001,28.3969,26.2017,24.7474,23.9949,23.5739,0.65
31.6628,28.7069,26.4516,24.8760,24.1170,23.6100,0.75
32.0728,28.8400,26.6120,25.0147,24.2420,23.6719,0.85
31.7192,29.1115,26.8123,25.1377,24.3504,23.7325,0.95
31.7411,29.2355,26.9494,25.2793,24.4723,23.8310,1.05
32.0834,29.4524,27.1244,25.3998,24.5903,23.9360,1.15
32.2120,29.5539,27.2826,25.5148,24.6855,24.0434,1.25
32.4650,29.6145,27.3498,25.6561,24.7822,24.1592,1.35
32.4386,29.8560,27.5071,25.8041,24.8741,24.2789,1.45
32.3566,29.9424,27.6110,25.9023,25.0101,24.4056,1.55
32.7859,30.0788,27.7660,26.0302,25.1026,24.5364,1.65
32.8761,30.1417,27.8408,26.2096,25.2365,24.6398,1.75
32.5283,30.1228,27.9331,26.3297,25.3208,24.7338,1.85
33.1621,30.2136,28.0450,26.4464,25.4555,24.8596,1.95
33.4203,30.3426,28.0886,26.5761,25.5436,24.9839,2.05
33.0845,30.4231,28.1110,26.6982,25.7023,25.0714,2.15
32.5533,30.4431,28.1578,26.8081,25.8036,25.1833,2.25
33.6399,30.5486,28.1977,26.9378,25.9213,25.3212,2.35
33.1826,30.5076,28.2915,27.0202,26.0570,25.4327,2.45
33.0479,30.6303,28.2934,27.0868,26.1970,25.5346,2.55
34.5264,30.6631,28.3497,27.1922,26.2859,25.6675,2.65
33.7941,30.6288,28.4148,27.2367,26.3852,25.7605,2.75
33.7402,30.7598,28.4793,27.3002,26.5092,25.8778,2.85
33.7302,30.6680,28.4983,27.3008,26.6035,25.9889,2.95
33.2349,30.7762,28.5287,27.3777,26.7183,26.1079,3.05
33.8122,30.7961,28.5486,27.4154,26.8056,26.2252,3.15
33.8655,30.8035,28.6453,27.4512,26.8758,26.3246,3.25
34.9232,30.7647,28.5993,27.4705,26.9591,26.4364,3.35
34.2028,30.8756,28.7173,27.5294,27.0474,26.5531,3.45
33.9580,30.9559,28.8036,27.5831,27.1169,26.6372,3.55
33.5667,30.8678,28.8734,27.5475,27.1990,26.7073,3.65
33.5672,30.9832,28.8749,27.6664,27.2423,26.8186,3.75
33.9442,31.0043,28.9197,27.6698,27.2581,26.9280,3.85
34.2097,31.0345,28.9909,27.7216,27.2863,26.9753,3.95
34.4543,31.0188,29.0142,27.7474,27.3030,27.0495,4.05
33.7707,30.9557,29.0996,27.8061,27.3497,27.1165,4.15
34.3912,31.0572,29.1487,27.8484,27.4212,27.1717,4.25
33.7475,31.3122,29.2049,27.8914,27.4119,27.1891,4.35
34.1097,31.2546,29.2016,27.9598,27.4651,27.2505,4.45
33.9077,31.2301,29.2230,27.9866,27.4950,27.2725,4.55
34.4664,31.1459,29.3188,28.0673,27.5372,27.3670,4.65
34.0906,31.1940,29.3507,28.0721,27.5423,27.3937,4.75
34.3820,31.2300,29.4304,28.2010,27.5535,27.3742,4.85
34.5063,31.2312,29.5032,28.1967,27.6380,27.4534,4.95
35.0885,31.3451,29.4788,28.2148,27.6349,27.4519,5.05
34.7688,31.2790,29.5782,28.3231,27.6857,27.5319,5.15
34.7048,31.2653,29.6408,28.3129,27.7869,27.5742,5.25
34.3521,31.3739,29.6938,28.3988,27.8500,27.5805,5.35
34.8577,31.2437,29.7402,28.4618,27.8903,27.6324,5.45
35.1664,31.3262,29.8266,28.4854,27.9015,27.6486,5.55
35.2928,31.3763,29.8300,28.5388,27.9241,27.7473,5.65
34.5671,31.4734,29.8854,28.5691,27.9425,27.7545,5.75
34.9765,31.4309,29.8342,28.6572,28.0449,27.7755,5.85
34.6842,31.5178,29.8995,28.6568,28.1009,27.8842,5.95
34.7901,31.5352,29.9961,28.8316,28.1370,27.8659,6.05
35.5876,31.5642,30.0994,28.8549,28.1836,27.9557,6.15
34.6191,31.5283,29.9901,28.8481,28.2209,27.9608,6.25
35.5314,31.5828,30.0558,28.9200,28.3317,28.0115,6.35
35.1162,31.6275,30.1399,28.9614,28.3142,28.0589,6.45
35.6906,31.8392,30.1093,28.9908,28.3438,28.0884,6.55
35.8140,31.7401,30.1302,29.0078,28.3722,28.1812,6.65
35.6052,31.7980,30.2642,29.1120,28.4468,28.2350,6.75
35.6493,31.8455,30.3382,29.1259,28.5057,28.2624,6.85
36.5253,31.9217,30.3408,29.3110,28.5416,28.2776,6.95
36.2743,32.0771,30.4646,29.3691,28.6046,28.3924,7.05
35.9258,32.1679,30.3088,29.3313,28.6782,28.4162,7.15
37.4714,32.0657,30.4458,29.5228,28.7257,28.5042,7.25
37.5063,32.3961,30.5160,29.5267,28.8123,28.5251,7.35
37.6405,32.2098,30.5844,29.5627,28.7954,28.5513,7.45
36.7817,32.2007,30.6062,29.5975,28.9016,28.6673,7.55
38.2830,32.3089,30.5736,29.7474,28.9307,28.7007,7.65
37.6150,32.2454,30.6252,29.6741,28.9732,28.6088,7.75
38.1004,32.2477,30.6868,29.7755,29.0776,28.7371,7.85
37.1149,32.2197,30.7466,29.7530,28.9835,28.7673,7.95
37.3206,32.1875,30.7910,29.8378,29.1303,28.8321,8.05
38.8973,32.1587,30.8316,29.8870,29.1961,28.9133,8.15
36.7412,32.2726,30.8579,29.9235,29.1428,28.9323,8.25
37.6197,32.2572,30.9451,29.9606,29.3322,29.0507,8.35
38.3091,32.3402,30.9080,30.0420,29.2972,29.0495,8.45
40.5154,32.3221,30.9927,30.1187,29.4369,29.1109,8.55
38.7131,32.3529,31.0358,30.1461,29.4036,29.0965,8.65
37.6950,32.0971,31.0616,30.1421,29.5162,29.1983,8.75
37.5669,32.1969,31.0659,30.3045,29.5337,29.2667,8.85
-9999.0000,32.0730,31.1710,30.3784,29.6161,29.3275,8.95
