u,g,r,i,z,y,time
27.0379,24.4066,22.4900,21.0464,20.5651,20.5273,0.05
27.6575,24.3581,22.4296,20.8587,20.2379,20.0897,0.15
28.5686,24.7681,22.7037,21.1496,20.4609,20.0917,0.25
29.1149,25.2603,23.0779,21.4445,20.7941,20.2973,0.35
29.3283,25.7784,23.4315,21.7346,21.0342,20.4973,0.45
30.0058,26.1661,23.7546,22.0035,21.2240,20.6537,0.55
30.0174,26.4449,24.0511,22.2375,21.3990,20.8144,0.65
30.3593,26.7551,24.1996,22.4484,21.5581,20.9666,0.75
30.8339,26.9299,24.4382,22.6592,21.7058,21.1283,0.85
31.2255,27.1077,24.5832,22.8262,21.8700,21.3125,0.95
30.8333,27.4191,24.7507,23.0217,22.0193,21.4934,1.05
31.4953,27.4902,24.9150,23.2058,22.1801,21.6547,1.15
32.0304,27.5554,25.0058,23.3851,22.3460,21.8272,1.25
32.2377,27.7551,25.1388,23.5622,22.5263,21.9956,1.35
32.4491,27.7804,25.2573,23.7299,22.7028,22.1950,1.45
31.8690,27.8673,25.3480,23.8533,22.8819,22.3742,1.55
32.6459,27.9706,25.3746,23.9665,23.0331,22.5615,1.65
32.0256,28.0584,25.4722,24.0439,23.2297,22.7254,1.75
32.4467,28.0140,25.4692,24.1291,23.3895,22.9096,1.85
32.5975,28.0230,25.5240,24.1853,23.5469,23.0714,1.95
33.5887,28.0569,25.6132,24.2617,23.6365,23.2456,2.05
31.9407,27.9832,25.6267,24.3272,23.7734,23.4387,2.15
32.1338,28.0514,25.6559,24.3159,23.8322,23.5960,2.25
32.6225,28.0468,25.7287,24.3476,23.9278,23.6849,2.35
32.1847,28.0647,25.7632,24.4047,24.0193,23.8023,2.45
32.1790,28.0907,25.8135,24.3990,24.0165,23.9071,2.55
33.1753,28.0848,25.8783,24.4641,24.0538,23.9825,2.65
32.7989,28.1715,25.8759,24.5132,24.1346,24.0848,2.75
32.7332,28.1931,25.9806,24.5543,24.1618,24.1592,2.85
32.9719,28.1420,26.0013,24.5768,24.1686,24.2179,2.95
32.2079,28.2491,26.0698,24.6416,24.2001,24.2728,3.05
31.9533,28.3480,26.1264,24.6894,24.2645,24.3020,3.15
33.8447,28.2854,26.1438,24.7409,24.3366,24.3586,3.25
32.5300,28.0715,26.2097,24.8629,24.3945,24.4025,3.35
33.4473,28.2666,26.2779,24.8209,24.3985,24.5481,3.45
34.1285,28.3114,26.2485,24.8826,24.4538,24.5704,3.55
33.8449,28.4108,26.3335,24.9891,24.4869,24.6321,3.65
34.0728,28.3836,26.3626,25.0570,24.5496,24.6427,3.75
34.7261,28.3330,26.4071,25.0632,24.6467,24.7626,3.85
37.9948,28.4398,26.5041,25.1756,24.6707,24.7593,3.95
33.8140,28.4089,26.5044,25.1944,24.7596,24.8521,4.05
-9999.0000,28.5068,26.6104,25.2741,24.7926,24.9303,4.15
36.7525,28.4513,26.6903,25.3311,24.8416,25.0147,4.25
33.4634,28.3958,26.6677,25.3658,24.9130,25.0518,4.35
34.2819,28.4091,26.7004,25.5083,24.9972,25.0949,4.45
34.4841,28.5817,26.7638,25.5429,25.0330,25.2239,4.55
34.3242,28.5767,26.8384,25.6165,25.1326,25.2495,4.65
35.5624,28.5376,26.8816,25.7058,25.2089,25.2859,4.75
33.9933,28.5637,26.9731,25.7338,25.2672,25.3962,4.85
36.3012,28.6643,26.9335,25.8181,25.2789,25.4667,4.95
34.8286,28.6813,26.9456,25.9255,25.3509,25.4667,5.05
34.0272,28.8456,27.0546,25.9421,25.4216,25.6033,5.15
33.7888,28.6860,27.0757,26.0076,25.4827,25.6618,5.25
35.2416,28.8637,27.1647,26.0720,25.5604,25.7562,5.35
34.5750,28.7653,27.1356,26.1599,25.6810,25.7767,5.45
34.1062,28.8046,27.2104,26.2703,25.6974,25.8662,5.55
35.1229,28.8870,27.3060,26.3461,25.7979,25.9635,5.65
35.0213,28.9743,27.2841,26.3443,25.8485,26.0414,5.75
35.1112,28.8555,27.3347,26.4933,25.9569,26.1109,5.85
37.1099,28.9294,27.3319,26.5195,26.0166,26.2057,5.95
35.3274,28.8250,27.3938,26.6549,26.0675,26.2327,6.05
41.0411,29.0301,27.4447,26.7031,26.1492,26.2892,6.15
-9999.0000,29.1030,27.5681,26.7794,26.2353,26.3483,6.25
-9999.0000,28.9545,27.5451,26.8240,26.3403,26.3998,6.35
-9999.0000,28.8735,27.6240,26.8587,26.4343,26.5477,6.45
36.6266,28.8744,27.6622,26.9691,26.5153,26.6328,6.55
37.8574,28.8823,27.7181,27.0572,26.5039,26.7402,6.65
37.5208,28.8202,27.7185,27.0914,26.5645,26.7591,6.75
41.2240,28.8279,27.7609,27.2040,26.6851,26.8465,6.85
-9999.0000,28.8396,27.7960,27.2638,26.6809,26.8088,6.95
38.7464,28.8119,27.8179,27.3192,26.7381,26.9466,7.05
-9999.0000,28.9245,27.9723,27.4541,26.9906,27.0404,7.15
36.6269,28.9982,27.9639,27.5595,27.0436,27.0697,7.25
35.3202,28.9617,27.9662,27.5322,27.1098,27.1449,7.35
-9999.0000,28.9972,28.0205,27.6588,27.2082,27.2304,7.45
37.7142,29.0362,27.9133,27.7220,27.2700,27.3170,7.55
36.7484,29.1342,27.9511,27.8002,27.3074,27.3931,7.65
-9999.0000,29.1150,27.9334,27.8419,27.3569,27.4369,7.75
37.7875,29.1589,28.0025,27.8800,27.5925,27.6034,7.85
37.4219,29.1142,28.0502,27.9482,27.6537,27.6819,7.95
41.7561,29.2467,27.9722,27.9073,27.6917,27.7426,8.05
-9999.0000,29.2004,28.0874,27.9749,27.7277,27.8999,8.15
35.9538,29.2159,28.0207,27.9797,27.7846,27.9141,8.25
34.9500,29.2749,28.0173,27.9917,27.8893,28.0119,8.35
37.5165,29.3086,28.1444,28.0455,27.9135,27.9337,8.45
-9999.0000,29.3456,28.2209,28.0434,27.9607,28.2172,8.55
-9999.0000,29.2410,28.1442,28.0697,28.0804,28.2236,8.65
39.3709,29.1315,28.1945,28.1395,28.1219,28.2466,8.75
-9999.0000,29.0796,28.1292,28.0907,28.1507,28.4068,8.85
-9999.0000,29.0009,28.1484,28.1830,28.3619,28.2700,8.95
