u,g,r,i,z,y,time
29.3664,28.6510,28.7541,29.0310,29.1827,29.4601,0.05
28.5407,27.6405,27.7795,28.0816,28.3200,28.7106,0.15
28.1098,27.1154,27.2667,27.6243,27.8867,28.1502,0.25
27.9899,26.8278,26.9620,27.3135,27.5781,27.8807,0.35
27.9325,26.6350,26.7083,27.0488,27.2848,27.5957,0.45
27.9359,26.5116,26.5466,26.8602,27.0630,27.4493,0.55
28.1380,26.4936,26.4228,26.7159,26.9032,27.2711,0.65
28.2219,26.4889,26.3136,26.6029,26.7725,27.1224,0.75
28.3294,26.5013,26.2239,26.4779,26.6555,27.0028,0.85
28.4903,26.5694,26.1676,26.4100,26.5298,26.8720,0.95
28.6100,26.6400,26.1018,26.3215,26.4717,26.7829,1.05
28.7296,26.7188,26.0601,26.2589,26.3781,26.6637,1.15
28.8087,26.7878,26.0124,26.1907,26.3085,26.5671,1.25
28.8853,26.8868,26.0208,26.1961,26.2983,26.5068,1.35
29.1474,27.0512,26.0244,26.1746,26.2774,26.4602,1.45
29.2121,27.0968,25.9568,26.0650,26.1842,26.3547,1.55
29.2531,27.1872,25.9897,26.1152,26.2309,26.3318,1.65
29.5949,27.4166,25.9920,26.0762,26.1813,26.2650,1.75
29.6575,27.3758,25.9564,26.0275,26.1240,26.2171,1.85
30.0350,27.6745,26.0402,26.0757,26.1478,26.2338,1.95
29.9631,27.6280,25.9873,25.9858,26.0796,26.1740,2.05
30.3933,27.9039,26.1088,26.0345,26.1072,26.1825,2.15
30.2805,27.8366,26.0750,25.9691,26.0444,26.1651,2.25
30.6596,28.1276,26.2156,25.9845,26.0039,26.1250,2.35
30.5761,28.0977,26.2483,26.0044,26.0321,26.1362,2.45
30.8527,28.2600,26.3022,25.9686,25.9527,26.0822,2.55
31.0992,28.4421,26.4945,26.0701,25.9971,26.1373,2.65
30.9143,28.3381,26.4332,25.9904,25.9168,26.0732,2.75
31.3076,28.6935,26.6806,26.1230,25.9229,26.0791,2.85
31.3451,28.7033,26.7642,26.1582,25.9287,26.1021,2.95
31.3205,28.7027,26.7268,26.0982,25.8694,26.0431,3.05
31.6954,29.0649,27.0285,26.2988,25.8989,26.0683,3.15
31.7831,29.0935,27.1462,26.3695,25.8988,26.0607,3.25
31.7402,29.0608,27.0690,26.3049,25.8369,26.0081,3.35
32.1869,29.4484,27.3819,26.5315,25.8931,26.0379,3.45
32.2785,29.5965,27.6024,26.6962,25.9434,26.0726,3.55
32.1779,29.5294,27.5387,26.6516,25.8990,26.0182,3.65
32.3284,29.7363,27.6460,26.7023,25.9348,26.0008,3.75
32.7383,30.1644,28.0227,26.9926,26.0201,26.0741,3.85
32.9472,30.1650,28.0777,27.0968,26.0558,26.1021,3.95
32.7114,30.1863,28.0355,27.0363,26.0306,26.0337,4.05
33.2868,30.4691,28.2251,27.1467,26.0916,26.0538,4.15
33.4242,30.7655,28.5811,27.4424,26.2034,26.1891,4.25
33.4504,30.8193,28.6721,27.5300,26.2970,26.2613,4.35
33.7124,30.8254,28.6465,27.5061,26.2847,26.2098,4.45
33.9569,31.0910,28.7229,27.5583,26.3461,26.2214,4.55
34.2248,31.5496,29.0333,27.8051,26.4675,26.3371,4.65
34.4378,31.6960,29.2125,27.9643,26.6319,26.4970,4.75
34.8016,31.6352,29.2104,27.9736,26.6835,26.5115,4.85
35.2815,31.6712,29.2606,28.0060,26.6992,26.5220,4.95
34.7822,32.0598,29.3970,28.0929,26.7697,26.5439,5.05
35.9031,32.3003,29.5968,28.2621,26.9374,26.6456,5.15
35.1207,32.4051,29.7367,28.3839,27.1384,26.7939,5.25
36.6956,32.4487,29.7371,28.3512,27.1556,26.8259,5.35
36.2878,32.4325,29.6743,28.4451,27.2022,26.8396,5.45
36.4473,32.6438,29.8777,28.4477,27.2365,26.8690,5.55
36.3426,32.8383,30.0423,28.6414,27.3412,26.9203,5.65
38.3052,33.1303,30.1360,28.7254,27.4385,27.0123,5.75
37.9912,33.0211,30.1711,28.7341,27.4846,27.0278,5.85
36.5193,33.0550,30.1124,28.7016,27.5115,27.0558,5.95
37.4273,33.1046,30.1903,28.7331,27.5311,27.0549,6.05
37.7993,33.3836,30.2892,28.8151,27.6022,27.1048,6.15
-9999.0000,33.6890,30.4379,28.9075,27.6858,27.1424,6.25
36.5467,33.6851,30.4981,28.9923,27.7180,27.1863,6.35
38.2815,33.4476,30.5531,28.9899,27.7568,27.2263,6.45
36.9759,33.5162,30.5441,28.9783,27.7327,27.2622,6.55
38.5641,33.5691,30.5549,28.9826,27.7648,27.2564,6.65
37.9183,33.6680,30.6042,29.0671,27.8156,27.3103,6.75
37.8000,33.8719,30.7761,29.1598,27.8679,27.3485,6.85
-9999.0000,34.1895,30.8902,29.2910,27.9626,27.3779,6.95
37.0400,34.0305,30.9098,29.2198,27.9447,27.4034,7.05
-9999.0000,34.1869,30.8477,29.2083,27.9668,27.3933,7.15
41.6108,34.2066,30.7803,29.2355,27.9837,27.4321,7.25
37.9231,34.1952,30.8493,29.2327,28.0031,27.4634,7.35
38.2805,34.6281,30.9365,29.3430,28.0409,27.4875,7.45
41.7434,34.7087,31.0516,29.3955,28.0657,27.5385,7.55
-9999.0000,34.6730,31.1579,29.4872,28.1296,27.5538,7.65
-9999.0000,34.6324,31.3012,29.4692,28.1437,27.5456,7.75
38.9705,35.2143,31.1711,29.4198,28.1705,27.5883,7.85
38.3183,34.6976,31.1412,29.5002,28.2071,27.6128,7.95
-9999.0000,34.3932,31.1549,29.4168,28.2061,27.6308,8.05
38.9063,34.6918,31.2600,29.4986,28.1790,27.6377,8.15
-9999.0000,35.1710,31.3353,29.5399,28.2402,27.6791,8.25
-9999.0000,35.4119,31.4033,29.6314,28.2703,27.6990,8.35
-9999.0000,35.2485,31.3827,29.6141,28.3297,27.7197,8.45
38.2507,35.0431,31.4341,29.6720,28.3468,27.7190,8.55
-9999.0000,34.8859,31.4066,29.6846,28.3438,27.7063,8.65
-9999.0000,34.9316,31.3360,29.6593,28.3690,27.7609,8.75
-9999.0000,35.0344,31.4583,29.6239,28.4149,27.7835,8.85
38.1297,34.9962,31.3241,29.6149,28.4044,27.8026,8.95
