u,g,r,i,z,y,time
31.1820,30.1899,29.5328,29.3144,29.3088,29.0563,0.05
30.8076,29.5606,28.7432,28.4799,28.3871,28.2770,0.15
30.9852,29.4008,28.4250,28.0529,27.9672,27.8406,0.25
31.1455,29.3313,28.2693,27.7164,27.6198,27.5492,0.35
31.4852,29.3537,28.2200,27.5367,27.3909,27.3396,0.45
31.7846,29.4551,28.2402,27.3918,27.2073,27.1684,0.55
31.9506,29.5137,28.2504,27.3162,27.1022,27.0487,0.65
32.1217,29.6807,28.3435,27.2618,26.9670,26.9209,0.75
32.3735,29.8543,28.4055,27.2583,26.8962,26.8474,0.85
32.4336,30.0004,28.5080,27.2861,26.8497,26.7788,0.95
32.7097,30.2029,28.6036,27.3611,26.8326,26.7059,1.05
32.9550,30.3732,28.6825,27.4427,26.8326,26.6427,1.15
33.1757,30.5448,28.8010,27.5128,26.8432,26.5715,1.25
33.4693,30.7734,28.9012,27.6199,26.9073,26.5400,1.35
33.4907,30.8509,28.9709,27.7162,26.9810,26.5293,1.45
33.8475,30.9587,29.0311,27.8259,27.0480,26.5121,1.55
33.7752,31.1243,29.1693,27.9736,27.1604,26.4808,1.65
33.8140,31.0682,29.1464,28.0654,27.2494,26.5315,1.75
34.1967,31.2973,29.2949,28.2779,27.4135,26.5228,1.85
34.1906,31.2306,29.2775,28.3578,27.4949,26.5802,1.95
34.5168,31.4469,29.4302,28.5896,27.6846,26.5749,2.05
34.2676,31.4041,29.3837,28.6532,27.7529,26.6537,2.15
34.8216,31.6940,29.5995,28.9132,27.9412,26.6810,2.25
34.6955,31.5751,29.5898,28.9344,27.9872,26.7409,2.35
34.9646,31.9807,29.8271,29.2224,28.1864,26.8166,2.45
35.2299,32.0535,29.9010,29.2816,28.2576,26.9114,2.55
35.6729,32.1501,29.9891,29.3987,28.3673,26.9738,2.65
36.0002,32.5010,30.2643,29.6483,28.5965,27.1119,2.75
35.9418,32.4837,30.2567,29.5918,28.6285,27.2271,2.85
35.9793,32.6885,30.4418,29.8639,28.7943,27.3379,2.95
36.7957,33.0086,30.7238,30.0176,29.0664,27.5662,3.05
36.6104,33.0999,30.7424,30.0668,29.0223,27.6654,3.15
37.5958,33.2664,30.8707,30.2831,29.1872,27.7401,3.25
37.6145,33.6146,31.2126,30.4023,29.4189,27.9910,3.35
37.4600,33.7703,31.1987,30.5743,29.4062,28.1437,3.45
39.1812,33.9187,31.3612,30.6409,29.5198,28.1966,3.55
43.4292,34.3158,31.6861,30.9117,29.7255,28.3723,3.65
37.9000,34.4519,31.8041,30.9926,29.8348,28.4865,3.75
37.8075,34.4630,31.9407,31.0903,29.8425,28.6047,3.85
39.5686,35.2791,32.1720,31.3422,30.0411,28.6319,3.95
42.3589,35.4863,32.3703,31.4068,30.2501,28.7898,4.05
45.5085,35.3762,32.5660,31.5777,30.3207,28.9328,4.15
41.3139,35.8844,32.5614,31.7362,30.4004,28.9932,4.25
41.1997,36.0472,32.8271,31.8353,30.4394,29.0780,4.35
38.8182,36.0602,33.0132,31.9914,30.6887,29.1536,4.45
-9999.0000,36.9529,33.1917,32.3569,30.8829,29.3701,4.55
-9999.0000,36.1846,33.3100,32.3615,30.8816,29.4588,4.65
43.3524,36.5374,33.3859,32.2759,31.0501,29.4215,4.75
39.8163,37.1181,33.7192,32.5446,31.3502,29.5835,4.85
-9999.0000,37.0042,33.8341,32.7345,31.3983,29.7506,4.95
-9999.0000,38.0507,34.0425,32.8615,31.3175,29.8084,5.05
-9999.0000,37.5528,34.1295,33.0376,31.4505,29.9281,5.15
-9999.0000,38.6233,34.1510,33.0120,31.4032,29.8721,5.25
-9999.0000,38.5592,34.4602,33.5440,31.6583,30.0117,5.35
-9999.0000,38.9496,35.0084,33.4844,31.8249,30.1133,5.45
-9999.0000,38.8166,34.9447,33.6473,31.9089,30.2405,5.55
-9999.0000,39.2138,34.8784,33.8201,31.8806,30.3736,5.65
-9999.0000,38.2837,35.2814,33.6381,32.0677,30.3582,5.75
-9999.0000,42.6748,35.0287,33.8990,32.0917,30.4287,5.85
-9999.0000,38.5059,35.7184,34.0262,32.1417,30.4574,5.95
-9999.0000,39.5335,35.3323,34.4622,32.4156,30.5902,6.05
-9999.0000,39.1543,35.7301,33.8901,32.4837,30.7608,6.15
-9999.0000,40.2301,35.5801,34.3485,32.4697,30.6992,6.25
-9999.0000,-9999.0000,35.4278,34.2096,32.5349,30.8165,6.35
-9999.0000,-9999.0000,37.0579,34.3169,32.4798,30.8125,6.45
-9999.0000,-9999.0000,35.8922,34.6409,32.6843,30.8942,6.55
-9999.0000,39.0800,36.0734,34.7286,32.8924,30.9680,6.65
-9999.0000,-9999.0000,36.3581,34.7715,32.8371,31.1143,6.75
-9999.0000,39.2262,36.3772,34.7086,32.9008,31.0463,6.85
-9999.0000,-9999.0000,36.2596,34.7738,32.9200,31.1564,6.95
-9999.0000,-9999.0000,36.6507,34.8821,32.9812,31.2034,7.05
-9999.0000,-9999.0000,36.2671,34.9606,33.1947,31.1655,7.15
-9999.0000,-9999.0000,36.9215,34.8544,33.1441,31.2458,7.25
-9999.0000,-9999.0000,37.1839,35.5593,33.2712,31.3005,7.35
-9999.0000,-9999.0000,36.3791,35.1372,33.2435,31.4783,7.45
-9999.0000,-9999.0000,36.9503,35.0514,33.2579,31.4920,7.55
-9999.0000,-9999.0000,36.8695,34.8521,33.5294,31.4556,7.65
-9999.0000,41.9670,37.3163,35.0657,33.1207,31.5868,7.75
-9999.0000,39.7538,36.6875,35.5266,33.4805,31.4377,7.85
-9999.0000,-9999.0000,36.7902,35.5751,33.5826,31.5076,7.95
-9999.0000,-9999.0000,37.6777,35.4082,33.5481,31.6103,8.05
-9999.0000,-9999.0000,36.9592,35.3904,33.7963,31.8185,8.15
-9999.0000,-9999.0000,37.5124,35.2480,33.4348,31.7351,8.25
-9999.0000,-9999.0000,37.0777,35.7699,33.7172,31.8377,8.35
-9999.0000,-9999.0000,36.9648,35.5804,33.6053,31.9607,8.45
-9999.0000,-9999.0000,-9999.0000,35.8981,33.6442,31.8815,8.55
-9999.0000,-9999.0000,37.2500,35.6684,33.6415,31.8638,8.65
-9999.0000,-9999.0000,44.7320,35.7688,33.7306,31.8513,8.75
-9999.0000,-9999.0000,38.2762,35.4208,34.0481,32.0148,8.85
-9999.0000,-9999.0000,38.1923,35.8689,34.1082,31.9845,8.95
