u,g,r,i,z,y,time
29.4407,26.7354,25.4337,25.4989,25.6751,25.9012,0.05
29.6951,27.2393,25.1604,25.0717,25.2242,25.4153,0.15
29.8387,27.7417,25.2896,24.9196,25.0469,25.1650,0.25
30.0456,28.0473,25.5957,24.9256,24.9943,25.0231,0.35
30.2642,28.3276,25.9334,25.0375,24.9640,24.9987,0.45
30.5833,28.5903,26.2455,25.2372,24.9749,25.0042,0.55
30.7882,28.8354,26.5046,25.4714,25.0819,25.0224,0.65
31.1738,29.0262,26.7412,25.7200,25.2582,25.0670,0.75
31.3837,29.2878,26.9524,25.9556,25.4922,25.1423,0.85
31.6518,29.3909,27.1526,26.1381,25.7114,25.2456,0.95
31.8734,29.5832,27.3367,26.2982,25.8618,25.3691,1.05
32.2295,29.7698,27.5082,26.4220,25.9799,25.5011,1.15
32.4054,29.8611,27.6500,26.5383,26.0964,25.6224,1.25
32.4900,29.9983,27.8035,26.6692,26.1744,25.7427,1.35
32.7135,30.0904,27.9428,26.7583,26.2737,25.8582,1.45
33.1306,30.2333,28.0628,26.8557,26.3262,25.9363,1.55
33.1807,30.2935,28.1529,26.9515,26.4270,26.0074,1.65
33.2386,30.4038,28.2506,27.0600,26.5026,26.0985,1.75
33.4312,30.4936,28.3660,27.1240,26.5609,26.1701,1.85
33.5002,30.5791,28.4316,27.1915,26.6456,26.2506,1.95
33.9564,30.6668,28.5259,27.2934,26.7060,26.3280,2.05
34.2836,30.7061,28.5860,27.3607,26.7778,26.3959,2.15
34.2136,30.8706,28.6803,27.4479,26.8375,26.4607,2.25
34.2558,30.9527,28.7433,27.4929,26.8784,26.4971,2.35
34.5224,30.9919,28.8070,27.5755,26.9563,26.5816,2.45
35.1091,31.1089,28.8841,27.6330,27.0265,26.6345,2.55
34.7634,31.1637,28.9208,27.6929,27.0562,26.6976,2.65
34.7967,31.2511,28.9946,27.7784,27.1361,26.7564,2.75
34.8636,31.2342,29.0168,27.8146,27.2118,26.8158,2.85
35.1047,31.3983,29.0766,27.8956,27.2662,26.8590,2.95
34.9102,31.5173,29.1375,27.9556,27.3162,26.9246,3.05
35.1182,31.5964,29.2061,28.0159,27.3423,26.9631,3.15
35.3673,31.6031,29.2076,28.0735,27.4145,27.0303,3.25
36.4846,31.7018,29.2785,28.1302,27.4848,27.0884,3.35
36.0871,31.7333,29.3363,28.1731,27.4987,27.1200,3.45
35.5831,31.7598,29.3966,28.2227,27.5889,27.2048,3.55
35.7033,31.8955,29.4214,28.2817,27.6236,27.2421,3.65
35.6643,31.8905,29.4611,28.3358,27.6667,27.2850,3.75
35.4381,31.9729,29.5671,28.3730,27.7277,27.3348,3.85
37.5308,32.0435,29.5824,28.4376,27.7864,27.4114,3.95
36.4875,32.1542,29.6242,28.4695,27.8362,27.4461,4.05
37.2701,32.2574,29.6574,28.5207,27.9024,27.4975,4.15
35.9715,32.3336,29.6850,28.5542,27.9226,27.5285,4.25
37.6183,32.3330,29.7423,28.5980,27.9753,27.6000,4.35
36.3486,32.4333,29.7853,28.6532,28.0109,27.6391,4.45
37.0543,32.4677,29.8423,28.6946,28.0570,27.6783,4.55
37.4662,32.6150,29.8682,28.7378,28.0947,27.7274,4.65
38.6321,32.6519,29.9328,28.7911,28.1512,27.7961,4.75
36.8224,32.6724,29.9544,28.8360,28.1889,27.8117,4.85
37.4287,32.8249,30.0422,28.8667,28.2548,27.8789,4.95
37.5096,32.9062,30.0769,28.9043,28.3244,27.8943,5.05
38.0547,32.9724,30.1283,28.9772,28.3482,27.9331,5.15
37.4214,33.0035,30.1500,29.0075,28.3975,28.0070,5.25
37.5148,33.0754,30.1894,29.0329,28.4067,28.0219,5.35
39.2864,33.1957,30.2566,29.1042,28.4733,28.0871,5.45
42.1723,33.1709,30.3030,29.1122,28.5160,28.1393,5.55
38.5404,33.3062,30.3270,29.1662,28.5524,28.1665,5.65
37.8339,33.3015,30.3908,29.1956,28.5612,28.2069,5.75
38.0239,33.2997,30.4344,29.2333,28.6318,28.2727,5.85
40.6195,33.4447,30.5045,29.2665,28.6681,28.3390,5.95
38.3298,33.5368,30.5450,29.2895,28.6882,28.3623,6.05
39.1735,33.5857,30.5397,29.3449,28.7642,28.4001,6.15
38.8354,33.6708,30.6064,29.3989,28.7791,28.4114,6.25
37.7300,33.8211,30.6647,29.4197,28.8436,28.4673,6.35
38.8333,33.9201,30.6867,29.4846,28.8861,28.5084,6.45
39.8525,33.9309,30.7394,29.5225,28.9210,28.5465,6.55
38.2871,33.8260,30.7853,29.5218,28.9639,28.5900,6.65
38.6917,34.0279,30.8217,29.5631,29.0000,28.6295,6.75
40.7032,34.1043,30.8317,29.6031,29.0452,28.6838,6.85
39.9784,34.1818,30.9183,29.6670,29.0521,28.6928,6.95
39.2731,34.2040,30.9573,29.6786,29.1386,28.7507,7.05
41.7440,34.1743,31.0014,29.7265,29.1414,28.7979,7.15
-9999.0000,34.4541,31.0254,29.7747,29.1778,28.8175,7.25
38.8554,34.4600,31.1493,29.8108,29.2160,28.8644,7.35
39.6513,34.6151,31.1727,29.8837,29.2594,28.9013,7.45
45.5862,34.7530,31.1993,29.8898,29.2743,28.9495,7.55
-9999.0000,34.9022,31.2606,29.9253,29.3133,28.9755,7.65
38.6236,34.7903,31.3303,29.9674,29.3690,28.9802,7.75
-9999.0000,34.7962,31.3241,29.9912,29.4154,29.0372,7.85
-9999.0000,34.8640,31.3789,30.0603,29.4284,29.0990,7.95
-9999.0000,35.0651,31.4579,30.0947,29.4681,29.1583,8.05
-9999.0000,35.1944,31.4972,30.1092,29.4773,29.1665,8.15
40.5603,35.2607,31.5444,30.1319,29.5960,29.2107,8.25
42.2044,35.1471,31.5860,30.2063,29.5311,29.2353,8.35
-9999.0000,35.2502,31.6408,30.1857,29.5633,29.2784,8.45
-9999.0000,35.3892,31.7033,30.3502,29.6386,29.3273,8.55
40.0553,35.3638,31.7618,30.2994,29.6939,29.3576,8.65
-9999.0000,35.6110,31.7994,30.3296,29.7429,29.3811,8.75
40.0536,35.5431,31.8945,30.3856,29.7545,29.4181,8.85
39.7770,35.6218,31.9036,30.4232,29.8189,29.5061,8.95
