u,g,r,i,z,y,time
22.7068,21.8920,22.2090,22.6494,23.0233,23.3127,0.05
23.2925,21.5296,21.7349,22.1689,22.5855,22.8878,0.15
23.8711,21.4933,21.5014,21.8904,22.3314,22.6992,0.25
24.1329,21.6318,21.3928,21.7603,22.1860,22.5922,0.35
24.3020,21.8798,21.3654,21.7252,22.1288,22.5676,0.45
24.5440,22.1382,21.3801,21.7266,22.1168,22.5726,0.55
24.7021,22.3835,21.4078,21.6997,22.0785,22.5453,0.65
24.8743,22.5854,21.4621,21.6381,21.9777,22.4683,0.75
24.9743,22.7555,21.5255,21.6027,21.8854,22.3573,0.85
25.0874,22.8967,21.6063,21.5723,21.8049,22.2055,0.95
25.2074,23.0240,21.7126,21.5808,21.7337,22.0690,1.05
25.2921,23.1262,21.8126,21.6098,21.7215,21.9647,1.15
25.3411,23.2365,21.9177,21.6551,21.7280,21.9057,1.25
25.4357,23.3276,22.0197,21.7142,21.7522,21.8788,1.35
25.5243,23.4151,22.1108,21.7836,21.8164,21.9003,1.45
25.5890,23.5004,22.1993,21.8631,21.8705,21.9295,1.55
25.6543,23.5625,22.2815,21.9415,21.9335,22.0045,1.65
25.6537,23.6511,22.3641,22.0437,22.0124,22.0839,1.75
25.7270,23.7054,22.4218,22.1289,22.1070,22.1605,1.85
25.8064,23.7772,22.4915,22.2131,22.1844,22.2557,1.95
25.8416,23.8282,22.5511,22.2972,22.2679,22.3555,2.05
25.9072,23.9020,22.6098,22.3739,22.3547,22.4548,2.15
25.9278,23.9318,22.6712,22.4481,22.4408,22.5458,2.25
25.9829,24.0056,22.7285,22.4995,22.5132,22.6366,2.35
26.0307,24.0745,22.7824,22.5723,22.6088,22.7248,2.45
26.0953,24.0955,22.8315,22.6377,22.6912,22.8046,2.55
26.1108,24.1573,22.8787,22.6784,22.7685,22.8866,2.65
26.1648,24.2181,22.9396,22.7417,22.8473,22.9749,2.75
26.2504,24.2483,22.9782,22.7804,22.8858,23.0232,2.85
26.2281,24.3238,23.0318,22.8342,22.9510,23.0882,2.95
26.3482,24.3512,23.0998,22.8906,23.0129,23.1351,3.05
26.3120,24.4121,23.1339,22.9405,23.0590,23.2181,3.15
26.4284,24.4547,23.1730,22.9893,23.1114,23.2669,3.25
26.4658,24.4964,23.2273,23.0294,23.1846,23.3271,3.35
26.4699,24.5459,23.2749,23.0743,23.2359,23.3994,3.45
26.5046,24.5839,23.3187,23.1283,23.2634,23.4387,3.55
26.5755,24.6317,23.3717,23.1572,23.3226,23.5304,3.65
26.5696,24.6631,23.4217,23.1976,23.3891,23.5457,3.75
26.6577,24.7251,23.4802,23.2400,23.4180,23.6459,3.85
26.6929,24.7367,23.5061,23.2824,23.4843,23.6822,3.95
26.6957,24.7626,23.5359,23.3150,23.5229,23.7435,4.05
26.7719,24.8247,23.5903,23.3744,23.5790,23.8169,4.15
26.8525,24.8502,23.6371,23.3972,23.5906,23.8827,4.25
26.8969,24.8740,23.6797,23.4391,23.6407,23.9586,4.35
26.8716,24.9488,23.7173,23.4832,23.6999,23.9862,4.45
26.8927,24.9539,23.7466,23.5165,23.7421,24.0444,4.55
26.9026,24.9950,23.8022,23.5693,23.8017,24.0940,4.65
26.9931,25.0175,23.8524,23.5968,23.8222,24.1272,4.75
27.0049,25.0774,23.8755,23.6513,23.8629,24.1866,4.85
27.0706,25.0998,23.9108,23.6727,23.9367,24.2331,4.95
27.0750,25.1390,23.9674,23.7104,23.9706,24.2928,5.05
27.1207,25.1773,23.9912,23.7623,24.0132,24.3605,5.15
27.1672,25.1956,24.0210,23.7750,24.0378,24.3668,5.25
27.1469,25.2485,24.0664,23.8113,24.0735,24.4166,5.35
27.2587,25.2633,24.1083,23.8695,24.1105,24.4520,5.45
27.2760,25.3028,24.1497,23.9117,24.1902,24.5215,5.55
27.2700,25.3490,24.1812,23.9381,24.2035,24.5644,5.65
27.3642,25.3761,24.2006,23.9460,24.2387,24.6126,5.75
27.3611,25.4174,24.2629,23.9947,24.2857,24.6674,5.85
27.4313,25.4337,24.2978,24.0364,24.3263,24.6872,5.95
27.4493,25.4676,24.3133,24.0834,24.3589,24.7526,6.05
27.5069,25.4959,24.3516,24.1069,24.3836,24.7759,6.15
27.4614,25.5347,24.3784,24.1414,24.4207,24.8122,6.25
27.4888,25.5611,24.4345,24.1682,24.4641,24.8283,6.35
27.5981,25.5780,24.4380,24.2324,24.5062,24.8646,6.45
27.5843,25.6208,24.4676,24.2494,24.5587,24.9241,6.55
27.6135,25.6441,24.5169,24.2960,24.5808,24.9632,6.65
27.6553,25.6858,24.5406,24.3171,24.6471,25.0412,6.75
27.6413,25.7195,24.6010,24.3629,24.6615,25.0775,6.85
27.7352,25.7450,24.5929,24.3831,24.6637,25.0970,6.95
27.7458,25.8047,24.6453,24.3944,24.7050,25.1169,7.05
27.8059,25.8228,24.6883,24.4661,24.7274,25.1544,7.15
27.7351,25.8729,24.7124,24.4736,24.7853,25.2531,7.25
27.8468,25.8759,24.7394,24.5536,24.8089,25.2522,7.35
27.8868,25.9227,24.7883,24.5367,24.8416,25.2311,7.45
27.8882,25.9586,24.7999,24.5959,24.8754,25.2969,7.55
27.9638,25.9945,24.8457,24.6203,24.9183,25.3679,7.65
28.0177,26.0213,24.8475,24.6325,24.9153,25.3717,7.75
28.0063,26.0730,24.8814,24.6706,24.9975,25.4144,7.85
28.0345,26.0671,24.9278,24.6992,25.0020,25.4503,7.95
28.0617,26.1263,24.9433,24.7169,25.0250,25.4762,8.05
28.0932,26.1520,24.9903,24.7610,25.0790,25.5346,8.15
28.2013,26.1875,25.0064,24.7949,25.1134,25.5384,8.25
28.1790,26.2029,25.0033,24.8190,25.1442,25.5898,8.35
28.1683,26.2344,25.0801,24.8463,25.1462,25.5604,8.45
28.2258,26.2731,25.0827,24.8887,25.1738,25.5872,8.55
28.2020,26.2925,25.1203,24.9061,25.2213,25.6308,8.65
28.2863,26.3129,25.1532,24.9495,25.2345,25.7371,8.75
28.2662,26.3602,25.1850,24.9907,25.2817,25.7154,8.85
28.4170,26.3945,25.2345,25.0327,25.3458,25.7498,8.95
