u,g,r,i,z,y,time
25.9824,25.8635,26.0479,26.4206,26.5701,26.9105,0.05
24.9275,24.8046,25.1625,25.5407,25.6869,26.0568,0.15
24.4133,24.3313,24.6679,25.0982,25.3275,25.5635,0.25
24.2127,24.0745,24.3913,24.8387,25.0853,25.2682,0.35
24.1345,23.8885,24.1515,24.5307,24.8289,25.0569,0.45
24.0759,23.7805,23.9997,24.3850,24.6321,24.8315,0.55
24.1431,23.7338,23.8778,24.2409,24.4515,24.6866,0.65
24.1622,23.6887,23.7906,24.1027,24.3463,24.5966,0.75
24.2050,23.6460,23.7139,23.9896,24.2110,24.4595,0.85
24.2818,23.6204,23.6484,23.8910,24.1149,24.3567,0.95
24.3979,23.6064,23.6084,23.8177,24.0148,24.2512,1.05
24.5305,23.6003,23.5627,23.7404,23.9167,24.1820,1.15
24.6545,23.5923,23.5156,23.6719,23.8751,24.0845,1.25
24.8035,23.6319,23.5195,23.6367,23.8491,24.0422,1.35
25.1213,23.7091,23.4905,23.6215,23.8243,24.0122,1.45
25.2725,23.7069,23.4082,23.5183,23.7338,23.9019,1.55
25.3857,23.7798,23.4329,23.5433,23.7381,23.8929,1.65
25.7395,23.9297,23.4042,23.4929,23.7181,23.8456,1.75
25.7026,23.9302,23.3587,23.4527,23.6769,23.7765,1.85
26.1300,24.1835,23.4002,23.4611,23.6704,23.7320,1.95
26.0793,24.1520,23.3307,23.3895,23.6057,23.6734,2.05
26.3981,24.4638,23.4027,23.4082,23.6356,23.6836,2.15
26.3767,24.4178,23.3553,23.3643,23.5856,23.6255,2.25
26.7319,24.7056,23.4303,23.3604,23.5605,23.6101,2.35
26.7660,24.7310,23.4367,23.3483,23.5530,23.6088,2.45
26.9801,24.8562,23.4477,23.2991,23.5067,23.5602,2.55
27.1983,25.0967,23.5677,23.3585,23.5787,23.6118,2.65
27.1145,25.0019,23.5165,23.2940,23.5153,23.5256,2.75
27.5504,25.3055,23.6474,23.3235,23.5091,23.5444,2.85
27.5667,25.3777,23.7314,23.3612,23.5469,23.5779,2.95
27.6304,25.3298,23.6872,23.2990,23.4882,23.4897,3.05
28.0042,25.6084,23.8554,23.3592,23.5116,23.5461,3.15
28.0563,25.6974,23.9496,23.4377,23.5813,23.6086,3.25
28.0744,25.6258,23.9305,23.3872,23.5108,23.5531,3.35
28.3464,25.8480,24.0878,23.4385,23.5456,23.5612,3.45
28.4862,25.9655,24.2557,23.5656,23.6258,23.6482,3.55
28.4512,25.9489,24.2518,23.5682,23.5899,23.5928,3.65
28.5293,25.9915,24.3402,23.5558,23.6012,23.5983,3.75
28.7046,26.2173,24.6466,23.6689,23.6704,23.6796,3.85
28.7974,26.2400,24.7211,23.7757,23.7368,23.7076,3.95
28.7553,26.1910,24.7290,23.7583,23.7151,23.6789,4.05
28.9086,26.3713,24.9121,23.7938,23.7543,23.6991,4.15
29.1314,26.5334,25.2591,23.8943,23.8082,23.7574,4.25
29.1834,26.5707,25.3624,23.9826,23.8828,23.8301,4.35
29.3016,26.5279,25.3270,23.9680,23.8451,23.7623,4.45
29.4359,26.5871,25.4250,23.9787,23.8723,23.7789,4.55
29.7248,26.8852,25.7474,24.1030,23.9787,23.8417,4.65
29.8798,27.0454,25.8940,24.2556,24.0589,23.9422,4.75
29.9918,27.0434,25.9186,24.2619,24.0614,23.8777,4.85
29.8214,27.0488,25.9266,24.2633,24.0427,23.8670,4.95
30.3152,27.2006,26.1142,24.3361,24.1219,23.8905,5.05
30.8925,27.4922,26.3692,24.5641,24.2784,24.0156,5.15
30.6916,27.6841,26.5055,24.7907,24.4186,24.1247,5.25
30.7571,27.6871,26.4778,24.8193,24.3792,24.1299,5.35
30.7729,27.7317,26.4794,24.8372,24.3503,24.1027,5.45
31.2518,27.8221,26.6166,24.8453,24.3948,24.1210,5.55
31.4201,28.1038,26.8464,24.9752,24.5216,24.2041,5.65
31.7830,28.3609,26.9983,25.2678,24.7215,24.4194,5.75
31.9248,28.4026,27.0682,25.3411,24.7361,24.4819,5.85
31.8597,28.4308,27.0741,25.3623,24.7307,24.4532,5.95
31.7223,28.5001,27.0861,25.4015,24.7786,24.5137,6.05
33.1661,28.7041,27.2234,25.4602,24.8377,24.5271,6.15
32.6989,28.8949,27.5232,25.5670,24.9335,24.6034,6.25
33.4013,29.0719,27.5564,25.7367,25.0583,24.7262,6.35
32.8424,29.1855,27.5765,25.7817,25.0941,24.7549,6.45
32.8749,29.1928,27.5942,25.8190,25.1673,24.8003,6.55
33.1436,29.2043,27.6205,25.8521,25.1219,24.7933,6.65
33.1866,29.3365,27.7293,25.9131,25.2054,24.8630,6.75
33.3598,29.5945,27.8350,25.9901,25.2625,24.9049,6.85
33.9796,29.7312,28.0206,26.0994,25.3251,24.9510,6.95
33.5482,29.8473,28.0885,26.1472,25.4249,24.9778,7.05
33.5438,29.8757,28.0653,26.1979,25.4911,25.0151,7.15
34.3990,29.8986,28.0580,26.1952,25.4349,25.0853,7.25
33.3332,29.8966,28.1200,26.2477,25.4919,25.0923,7.35
34.4048,30.0905,28.2445,26.2526,25.5570,25.1400,7.45
34.8182,30.2060,28.4119,26.3424,25.5881,25.1628,7.55
34.6585,30.3603,28.4485,26.4483,25.6342,25.2433,7.65
37.2304,30.4205,28.5448,26.5532,25.7287,25.2571,7.75
34.3697,30.4961,28.5297,26.5638,25.7551,25.2749,7.85
36.9258,30.3178,28.4077,26.5415,25.7466,25.2867,7.95
34.1537,30.4556,28.5180,26.5333,25.7439,25.2931,8.05
34.4820,30.6512,28.4934,26.5627,25.7511,25.3032,8.15
34.8329,30.7079,28.5849,26.6087,25.8115,25.3510,8.25
34.6480,30.8384,28.8593,26.6676,25.8368,25.4210,8.35
36.3484,31.0614,28.8728,26.8229,25.9381,25.4308,8.45
35.8016,30.8169,28.9504,26.8559,25.9399,25.4666,8.55
35.9182,30.8455,28.8230,26.8225,25.9988,25.4417,8.65
35.6578,31.0623,28.8863,26.8098,25.9734,25.4922,8.75
-9999.0000,31.0504,28.8921,26.8653,26.0224,25.4920,8.85
34.5211,31.0415,28.7594,26.8003,26.0031,25.5301,8.95
