u,g,r,i,z,y,time
31.4130,30.4509,29.6806,29.4041,29.2587,29.1861,0.05
32.9249,31.3080,30.2271,29.7387,29.6037,29.1497,0.15
34.5594,32.3494,31.1644,30.4905,29.6850,29.3462,0.25
36.0756,32.9065,31.4015,30.6395,29.8835,29.4072,0.35
36.1352,33.8455,31.9676,30.8523,30.1565,29.5086,0.45
-9999.0000,34.1233,32.4182,31.3165,30.2014,29.6651,0.55
-9999.0000,34.6010,33.0081,31.6260,30.5892,29.9006,0.65
-9999.0000,37.4868,33.1151,31.7882,30.9148,29.7111,0.75
-9999.0000,36.5055,33.8326,32.3742,30.9960,30.1903,0.85
-9999.0000,36.9545,34.1898,32.6671,31.1896,30.4707,0.95
-9999.0000,-9999.0000,34.5918,32.8474,31.5163,30.7549,1.05
-9999.0000,38.9287,34.9238,33.2387,31.6549,30.6307,1.15
-9999.0000,-9999.0000,36.0195,33.1809,31.7140,30.7589,1.25
-9999.0000,-9999.0000,36.4759,33.2399,31.8388,31.0101,1.35
-9999.0000,-9999.0000,35.6942,33.7685,31.9111,31.0531,1.45
-9999.0000,-9999.0000,36.8834,34.2030,32.3268,30.9898,1.55
-9999.0000,-9999.0000,37.1931,33.6163,32.2481,30.9678,1.65
-9999.0000,-9999.0000,37.8727,36.8848,32.5225,31.2427,1.75
-9999.0000,-9999.0000,35.0616,34.4232,32.7220,31.2901,1.85
-9999.0000,-9999.0000,38.5550,33.7151,32.3556,31.3493,1.95
-9999.0000,-9999.0000,38.3800,34.3248,32.0542,31.5688,2.05
-9999.0000,-9999.0000,-9999.0000,34.5794,32.4160,31.1642,2.15
-9999.0000,-9999.0000,35.8243,34.9626,32.8291,31.7456,2.25
-9999.0000,-9999.0000,-9999.0000,35.6204,32.3920,31.5881,2.35
-9999.0000,-9999.0000,37.4107,34.7821,33.2724,31.6127,2.45
-9999.0000,-9999.0000,-9999.0000,38.2111,33.3424,31.4598,2.55
-9999.0000,-9999.0000,-9999.0000,34.8769,34.1092,31.7565,2.65
-9999.0000,-9999.0000,35.4670,34.7981,33.1535,31.2432,2.75
-9999.0000,-9999.0000,37.8929,35.9931,33.6074,31.7613,2.85
-9999.0000,-9999.0000,-9999.0000,35.9572,32.7595,32.0921,2.95
-9999.0000,-9999.0000,-9999.0000,38.7089,33.9477,31.6732,3.05
-9999.0000,-9999.0000,-9999.0000,35.7404,34.0163,31.8443,3.15
-9999.0000,-9999.0000,39.0930,35.9384,33.5017,31.9104,3.25
-9999.0000,-9999.0000,-9999.0000,35.6357,32.8744,31.7934,3.35
-9999.0000,-9999.0000,-9999.0000,34.5237,34.3030,31.7663,3.45
-9999.0000,-9999.0000,-9999.0000,37.5987,33.1918,32.2756,3.55
-9999.0000,-9999.0000,39.6860,35.2754,33.6506,31.8797,3.65
-9999.0000,-9999.0000,-9999.0000,34.7034,32.8493,32.1446,3.75
-9999.0000,-9999.0000,-9999.0000,35.5769,34.2306,32.1764,3.85
-9999.0000,-9999.0000,38.7545,35.6414,34.0210,32.3043,3.95
-9999.0000,-9999.0000,-9999.0000,35.8254,34.2204,31.6884,4.05
-9999.0000,-9999.0000,-9999.0000,39.3180,34.7528,32.0680,4.15
-9999.0000,-9999.0000,-9999.0000,35.2726,33.9772,32.0857,4.25
-9999.0000,-9999.0000,37.3799,34.4112,34.1871,31.8767,4.35
-9999.0000,-9999.0000,-9999.0000,35.6964,33.4214,32.0245,4.45
-9999.0000,-9999.0000,40.3665,34.6692,33.6864,32.2847,4.55
-9999.0000,-9999.0000,-9999.0000,-9999.0000,33.7799,32.0382,4.65
-9999.0000,-9999.0000,-9999.0000,-9999.0000,34.8873,31.9010,4.75
-9999.0000,-9999.0000,-9999.0000,35.9206,34.1777,32.3243,4.85
-9999.0000,-9999.0000,-9999.0000,36.8936,33.5553,32.1756,4.95
-9999.0000,-9999.0000,-9999.0000,35.2184,33.0099,32.2791,5.05
-9999.0000,-9999.0000,-9999.0000,36.2073,33.6392,32.0950,5.15
-9999.0000,-9999.0000,-9999.0000,35.7775,33.8056,32.3597,5.25
-9999.0000,-9999.0000,36.4495,34.8341,34.1221,32.5727,5.35
-9999.0000,-9999.0000,-9999.0000,36.9006,33.3051,32.2641,5.45
-9999.0000,-9999.0000,37.0582,35.0986,33.9540,32.2859,5.55
-9999.0000,-9999.0000,-9999.0000,-9999.0000,34.9758,32.4052,5.65
-9999.0000,-9999.0000,-9999.0000,35.5619,34.9149,32.2358,5.75
-9999.0000,-9999.0000,-9999.0000,35.7404,34.2166,32.5612,5.85
-9999.0000,-9999.0000,35.6853,35.8139,34.0324,32.3063,5.95
-9999.0000,-9999.0000,-9999.0000,-9999.0000,33.6717,32.4896,6.05
-9999.0000,-9999.0000,-9999.0000,38.6485,33.7737,32.2351,6.15
-9999.0000,-9999.0000,-9999.0000,36.0563,34.4174,32.2739,6.25
-9999.0000,-9999.0000,-9999.0000,35.7805,34.3678,32.2265,6.35
-9999.0000,-9999.0000,-9999.0000,-9999.0000,34.3264,32.5464,6.45
-9999.0000,-9999.0000,-9999.0000,36.9371,33.8723,32.7850,6.55
-9999.0000,-9999.0000,-9999.0000,35.1041,34.0300,32.4009,6.65
-9999.0000,-9999.0000,-9999.0000,36.2900,34.4840,32.6586,6.75
-9999.0000,-9999.0000,-9999.0000,37.5533,33.8806,32.2346,6.85
-9999.0000,-9999.0000,-9999.0000,36.1301,34.3565,32.4919,6.95
-9999.0000,-9999.0000,-9999.0000,37.0052,33.7162,32.2944,7.05
-9999.0000,-9999.0000,-9999.0000,-9999.0000,33.9942,32.4527,7.15
-9999.0000,-9999.0000,-9999.0000,35.4364,33.7970,32.4806,7.25
-9999.0000,-9999.0000,37.2650,36.8606,35.7366,32.8071,7.35
-9999.0000,-9999.0000,-9999.0000,35.6388,34.4039,33.0772,7.45
-9999.0000,-9999.0000,36.8044,35.4638,33.6390,32.4962,7.55
-9999.0000,-9999.0000,-9999.0000,36.2231,34.6311,32.3173,7.65
-9999.0000,-9999.0000,-9999.0000,-9999.0000,34.0627,32.4788,7.75
-9999.0000,-9999.0000,-9999.0000,36.4276,34.8190,32.5602,7.85
-9999.0000,-9999.0000,-9999.0000,36.2778,33.9288,33.0348,7.95
-9999.0000,-9999.0000,39.1401,35.2164,33.5635,32.7418,8.05
-9999.0000,-9999.0000,-9999.0000,35.6576,34.2495,32.5907,8.15
-9999.0000,-9999.0000,-9999.0000,36.2214,35.0857,32.7986,8.25
-9999.0000,-9999.0000,-9999.0000,36.8124,33.6647,32.8378,8.35
-9999.0000,-9999.0000,38.9812,-9999.0000,35.3982,33.0650,8.45
-9999.0000,-9999.0000,-9999.0000,-9999.0000,34.3450,32.3224,8.55
-9999.0000,-9999.0000,-9999.0000,35.4657,33.7699,32.7623,8.65
-9999.0000,-9999.0000,-9999.0000,35.6201,34.8010,32.6809,8.75
-9999.0000,-9999.0000,-9999.0000,35.9082,35.0781,32.9860,8.85
-9999.0000,-9999.0000,-9999.0000,38.1447,35.3277,32.6423,8.95
