u,g,r,i,z,y,time
26.2307,24.9603,24.8422,25.1493,25.4392,25.6968,0.05
26.2914,24.5244,24.2482,24.5501,24.9288,25.2271,0.15
26.7647,24.6033,23.9708,24.2159,24.5943,24.9181,0.25
27.2328,24.9161,23.8049,24.0244,24.3697,24.7130,0.35
27.6451,25.3690,23.7577,23.8811,24.2275,24.5531,0.45
28.1266,25.8385,23.8120,23.7994,24.1418,24.4690,0.55
28.6524,26.1804,23.9492,23.7654,24.1370,24.4560,0.65
29.0600,26.3985,24.1563,23.7659,24.1485,24.4567,0.75
29.3522,26.5514,24.3980,23.7617,24.1627,24.4883,0.85
29.6771,26.7288,24.6305,23.7821,24.1271,24.4752,0.95
30.0206,26.8580,24.8440,23.8128,24.0521,24.4376,1.05
30.1607,27.0269,25.0126,23.8765,23.9882,24.3562,1.15
30.3418,27.1476,25.1521,23.9465,23.9152,24.2765,1.25
30.4582,27.2582,25.2670,24.0244,23.8823,24.2083,1.35
30.6813,27.3933,25.3683,24.1039,23.8648,24.1516,1.45
30.7665,27.4977,25.4587,24.1793,23.8667,24.1291,1.55
30.8555,27.5836,25.5408,24.2536,23.8836,24.1074,1.65
31.0763,27.6648,25.6093,24.3179,23.9272,24.0950,1.75
31.0243,27.7313,25.6895,24.3747,23.9672,24.1077,1.85
31.2105,27.7654,25.7250,24.4322,24.0152,24.1172,1.95
31.1058,27.8280,25.7664,24.4954,24.0734,24.1408,2.05
31.1853,27.8691,25.8303,24.5337,24.1260,24.1652,2.15
31.2092,27.9372,25.8636,24.5964,24.2057,24.2204,2.25
31.1473,27.9764,25.8987,24.6280,24.2554,24.2758,2.35
31.1878,28.0146,25.9378,24.6877,24.3173,24.3212,2.45
31.3482,28.0731,25.9686,24.7283,24.3677,24.4034,2.55
31.2987,28.1043,25.9987,24.7733,24.4302,24.4599,2.65
31.5872,28.1159,26.0314,24.8053,24.5051,24.5347,2.75
31.3911,28.1296,26.0529,24.8581,24.5219,24.6210,2.85
31.5752,28.1866,26.0785,24.8901,24.6100,24.7016,2.95
31.5429,28.2324,26.1202,24.9267,24.6592,24.7655,3.05
31.6116,28.2066,26.1377,24.9623,24.6833,24.8468,3.15
31.4587,28.2886,26.1789,25.0047,24.7351,24.9308,3.25
31.5151,28.3300,26.1890,25.0332,24.7881,24.9936,3.35
31.6340,28.3326,26.2194,25.0612,24.8258,25.0613,3.45
31.5648,28.2778,26.2259,25.1031,24.8664,25.1419,3.55
31.8171,28.3584,26.2685,25.1259,24.9129,25.2174,3.65
31.9066,28.3768,26.2922,25.1632,24.9546,25.2903,3.75
31.6784,28.4186,26.3223,25.1991,24.9863,25.3640,3.85
31.7530,28.4330,26.3621,25.2257,25.0241,25.4049,3.95
31.5983,28.4671,26.3932,25.2463,25.0604,25.4532,4.05
31.8173,28.4907,26.3962,25.2753,25.0904,25.5242,4.15
31.7355,28.4961,26.4120,25.3068,25.1252,25.5774,4.25
31.5721,28.5590,26.4566,25.3448,25.1506,25.6217,4.35
31.7308,28.5371,26.4696,25.3745,25.1766,25.6555,4.45
31.9191,28.5767,26.5121,25.3998,25.2030,25.6942,4.55
32.0506,28.6095,26.5358,25.4394,25.2417,25.7526,4.65
32.2343,28.6734,26.5483,25.4491,25.2546,25.7833,4.75
32.0063,28.6640,26.5690,25.4760,25.2988,25.8442,4.85
31.8497,28.6894,26.6133,25.5256,25.3149,25.8726,4.95
32.0216,28.6925,26.6451,25.5320,25.3423,25.8954,5.05
32.0993,28.7426,26.6629,25.5586,25.3785,25.9534,5.15
32.1972,28.7561,26.6944,25.5874,25.3901,25.9932,5.25
32.0342,28.8049,26.7261,25.6313,25.4425,26.0206,5.35
31.8824,28.8210,26.7343,25.6435,25.4568,26.0527,5.45
32.0440,28.8336,26.7667,25.6818,25.4810,26.0894,5.55
32.2342,28.8643,26.7791,25.6981,25.5117,26.1209,5.65
32.1216,28.8934,26.8283,25.7622,25.5289,26.1295,5.75
32.1295,28.9144,26.8340,25.7628,25.5379,26.1653,5.85
32.2590,28.9395,26.8648,25.7993,25.5875,26.2151,5.95
32.5630,28.9644,26.8733,25.8129,25.6182,26.2599,6.05
32.2048,28.9809,26.9147,25.8253,25.6554,26.2843,6.15
32.3397,29.0281,26.9280,25.8647,25.6863,26.3094,6.25
32.4570,29.0676,26.9461,25.8929,25.7075,26.3371,6.35
32.2474,29.0897,26.9642,25.9291,25.7493,26.3884,6.45
32.4013,29.0783,26.9965,25.9679,25.7538,26.4105,6.55
32.5393,29.1379,27.0328,25.9945,25.7716,26.4649,6.65
32.5066,29.1098,27.0539,26.0012,25.8185,26.5012,6.75
32.6812,29.1344,27.0664,26.0178,25.8358,26.5404,6.85
32.5523,29.1540,27.0919,26.0551,25.8637,26.5680,6.95
32.4378,29.1922,27.1206,26.0833,25.8766,26.5741,7.05
32.6202,29.1978,27.1393,26.1034,25.9257,26.6001,7.15
32.4833,29.2040,27.1832,26.1320,25.9634,26.6299,7.25
32.7578,29.2631,27.1929,26.1753,25.9836,26.6613,7.35
32.5135,29.2510,27.2126,26.1807,26.0107,26.7364,7.45
32.4173,29.2842,27.2310,26.2137,26.0419,26.7247,7.55
32.5288,29.2823,27.2622,26.2479,26.0536,26.8199,7.65
32.5862,29.3247,27.2847,26.2670,26.0987,26.7984,7.75
32.5772,29.3641,27.2991,26.2933,26.1405,26.8550,7.85
32.7563,29.4146,27.3051,26.3057,26.1387,26.9023,7.95
32.5206,29.3802,27.3224,26.3774,26.2046,26.8973,8.05
32.7244,29.4333,27.3556,26.3914,26.2214,26.9554,8.15
32.6530,29.4436,27.3819,26.3824,26.2545,26.9709,8.25
32.6981,29.4751,27.4051,26.4258,26.2545,27.0154,8.35
32.9605,29.4592,27.4261,26.4402,26.2896,27.0553,8.45
32.8576,29.5079,27.4504,26.4651,26.3219,27.1181,8.55
32.8084,29.5231,27.5108,26.4915,26.3551,27.1045,8.65
32.9604,29.5143,27.4992,26.5297,26.4140,27.1219,8.75
32.8636,29.5615,27.5138,26.5262,26.4053,27.1928,8.85
32.8380,29.5386,27.5162,26.5773,26.4480,27.2236,8.95
