u,g,r,i,z,y,time
30.2747,29.2550,29.0440,29.2282,29.4145,29.6255,0.05
29.3170,28.2905,28.2176,28.4897,28.7589,29.0007,0.15
29.3233,28.1504,27.9609,28.1705,28.4237,28.6777,0.25
29.6291,28.2370,27.8628,28.0266,28.2245,28.4455,0.35
29.9564,28.3459,27.8224,27.9411,28.0907,28.2825,0.45
30.3329,28.5287,27.8374,27.9025,28.0253,28.1699,0.55
30.9544,28.8211,27.9274,27.8744,28.0030,28.1071,0.65
31.5272,29.0965,28.0573,27.8624,27.9844,28.0692,0.75
32.0994,29.3946,28.2615,27.8257,27.9406,28.0184,0.85
32.5835,29.7694,28.5332,27.8455,27.9183,28.0020,0.95
32.9633,30.2187,28.8623,27.9175,27.9064,28.0076,1.05
33.3406,30.6331,29.1395,28.0154,27.9327,28.0042,1.15
33.7309,30.9919,29.3780,28.1267,27.9606,28.0033,1.25
34.1227,31.3427,29.6354,28.2656,28.0483,28.0138,1.35
34.6620,31.7975,29.9905,28.4670,28.2481,28.0891,1.45
35.0063,32.0317,30.1447,28.6449,28.3323,28.0927,1.55
35.3989,32.2494,30.3295,28.8754,28.5156,28.1934,1.65
35.7670,32.5568,30.5716,29.3006,28.6850,28.2881,1.75
35.6527,32.5983,30.6426,29.5175,28.7804,28.3356,1.85
36.3536,32.9325,30.9175,30.1758,28.9886,28.4700,1.95
36.4313,32.9873,30.9391,30.2809,29.0307,28.5012,2.05
37.3371,33.3780,31.3176,30.7977,29.3569,28.6978,2.15
37.1763,33.4735,31.3963,30.8639,29.4234,28.7221,2.25
37.9139,33.8925,31.7329,31.2134,29.7116,28.9582,2.35
37.7517,34.0189,31.9432,31.3606,29.9757,29.1382,2.45
39.2344,34.2171,32.1167,31.5148,30.0583,29.2086,2.55
38.9864,34.7184,32.4527,31.7790,30.3978,29.5094,2.65
39.3903,34.8989,32.5425,31.8391,30.4654,29.5803,2.75
39.3662,35.2572,32.8020,32.0826,30.6235,29.6836,2.85
41.1354,35.5489,33.1114,32.2760,30.7988,29.8984,2.95
42.2874,35.6469,33.1660,32.2898,30.8193,29.9311,3.05
40.6737,35.8845,33.4263,32.4976,30.9937,30.0324,3.15
-9999.0000,36.3346,33.6584,32.6137,31.1596,30.1921,3.25
41.5319,36.2870,33.5661,32.6298,31.1188,30.2404,3.35
-9999.0000,36.3342,33.8108,32.8330,31.2002,30.2565,3.45
-9999.0000,36.8083,34.0647,32.9232,31.4053,30.3897,3.55
41.5594,36.5646,34.1274,32.9046,31.3753,30.4026,3.65
41.0593,37.1005,34.1112,32.9700,31.4007,30.3916,3.75
-9999.0000,36.9028,34.2423,33.1135,31.5114,30.4951,3.85
-9999.0000,37.3264,34.4048,33.2995,31.6267,30.6177,3.95
-9999.0000,37.2727,34.3404,33.1760,31.5798,30.6177,4.05
41.1499,37.3336,34.3750,33.1872,31.5481,30.6137,4.15
41.6692,37.8831,34.4737,33.4080,31.6506,30.6921,4.25
40.2772,37.6681,34.5929,33.3754,31.7819,30.8038,4.35
-9999.0000,37.5747,34.6477,33.3625,31.7458,30.7668,4.45
-9999.0000,37.7980,34.8221,33.2881,31.7364,30.7849,4.55
41.6563,37.7807,34.7965,33.5556,31.8046,30.8305,4.65
-9999.0000,38.3878,34.9364,33.6348,31.8941,30.8904,4.75
-9999.0000,38.2746,35.0292,33.6272,31.9384,30.9197,4.85
42.1659,37.9803,34.9996,33.4933,31.8600,30.9301,4.95
-9999.0000,37.9405,34.8960,33.5782,31.9116,30.9381,5.05
-9999.0000,37.9609,35.0605,33.6974,32.0218,30.9792,5.15
-9999.0000,38.3865,35.3095,33.7388,32.1342,31.0860,5.25
-9999.0000,38.3516,35.2147,33.6732,32.0139,31.0783,5.35
-9999.0000,38.4643,35.2072,33.7503,32.0878,31.0873,5.45
41.5244,38.4612,35.1878,33.7329,32.0413,31.1243,5.55
-9999.0000,38.5258,35.3239,33.9122,32.0592,31.1437,5.65
-9999.0000,38.7834,35.4105,33.8850,32.2129,31.2354,5.75
-9999.0000,38.6718,35.3812,33.8727,32.1987,31.2057,5.85
-9999.0000,38.1768,35.2957,33.8901,32.1914,31.2174,5.95
-9999.0000,39.0299,35.4601,33.8786,32.1529,31.2454,6.05
-9999.0000,38.8816,35.4403,34.0274,32.2517,31.2817,6.15
-9999.0000,38.8520,35.4332,33.9974,32.3137,31.2639,6.25
-9999.0000,38.5349,35.6177,34.0327,32.3745,31.3329,6.35
-9999.0000,38.9112,35.6384,34.1152,32.3656,31.4003,6.45
-9999.0000,38.6677,35.6046,33.8956,32.3794,31.4206,6.55
-9999.0000,38.6269,35.6951,33.9620,32.4130,31.4057,6.65
-9999.0000,38.9148,35.5288,34.0623,32.3467,31.4063,6.75
-9999.0000,39.8626,35.6964,34.0549,32.4458,31.4351,6.85
-9999.0000,39.5786,35.9939,34.2745,32.5092,31.5095,6.95
-9999.0000,39.6635,35.9083,34.2315,32.5603,31.5285,7.05
-9999.0000,39.6559,35.9944,34.1952,32.5099,31.5343,7.15
-9999.0000,39.1848,35.8745,34.2399,32.5778,31.5526,7.25
-9999.0000,39.0062,35.8500,34.2588,32.5242,31.5973,7.35
-9999.0000,39.3664,35.9469,34.2544,32.5443,31.6066,7.45
-9999.0000,39.3960,36.0217,34.2886,32.6056,31.5994,7.55
-9999.0000,39.8305,36.1551,34.3395,32.6127,31.6484,7.65
-9999.0000,39.9549,36.2188,34.4653,32.6990,31.6770,7.75
-9999.0000,39.9566,36.2515,34.3670,32.6949,31.7416,7.85
-9999.0000,39.8139,36.1688,34.4339,32.8109,31.7373,7.95
-9999.0000,39.6053,36.3012,34.3604,32.7413,31.7471,8.05
-9999.0000,39.4857,36.2294,34.3669,32.7127,31.7619,8.15
-9999.0000,39.2437,36.3924,34.3943,32.7186,31.8144,8.25
-9999.0000,39.7324,36.3227,34.5372,32.7860,31.8248,8.35
-9999.0000,40.2065,36.3768,34.7585,32.8785,31.8933,8.45
-9999.0000,40.6841,36.4533,34.5512,32.9253,31.8955,8.55
-9999.0000,40.5154,36.6366,34.6369,32.9191,31.9098,8.65
-9999.0000,39.6429,36.6639,34.6808,32.9618,31.9016,8.75
-9999.0000,39.8568,36.6422,34.6519,32.8975,31.9826,8.85
-9999.0000,41.1645,36.5995,34.4914,32.9489,32.0471,8.95
