u,g,r,i,z,y,time
21.0480,20.9947,21.3191,21.5467,21.8916,22.1101,0.05
19.9642,20.0274,20.4902,20.8339,21.1397,21.3245,0.15
19.5383,19.6081,20.0859,20.4687,20.7342,20.9716,0.25
19.4044,19.3796,19.8007,20.2056,20.4954,20.6910,0.35
19.3519,19.2297,19.5702,19.9582,20.2741,20.4504,0.45
19.3308,19.1285,19.4097,19.7564,20.0795,20.3013,0.55
19.3659,19.0825,19.3065,19.6217,19.9522,20.1645,0.65
19.3705,19.0540,19.2217,19.4990,19.7965,20.1011,0.75
19.3855,19.0103,19.1500,19.4012,19.6921,20.0152,0.85
19.4473,18.9932,19.1103,19.3087,19.6121,19.9146,0.95
19.5191,18.9996,19.0644,19.2500,19.5393,19.8750,1.05
19.6055,19.0065,19.0114,19.1961,19.4611,19.8240,1.15
19.6920,19.0229,18.9756,19.1397,19.3954,19.7977,1.25
19.8266,19.0889,18.9711,19.1280,19.3445,19.7323,1.35
20.0539,19.1962,18.9407,19.1076,19.3223,19.6935,1.45
20.1695,19.2286,18.8709,19.0543,19.2472,19.6370,1.55
20.3283,19.3189,18.8775,19.0533,19.2123,19.6474,1.65
20.6957,19.5299,18.8561,19.0395,19.1989,19.6113,1.75
20.7535,19.5320,18.8034,19.0017,19.1437,19.5525,1.85
21.2064,19.8325,18.8451,19.0366,19.1380,19.5504,1.95
21.2084,19.8111,18.8006,18.9767,19.0895,19.4967,2.05
21.6508,20.0991,18.8646,19.0514,19.1123,19.5278,2.15
21.6093,20.0726,18.8300,18.9893,19.0928,19.4305,2.25
22.0119,20.3544,18.9117,19.0359,19.0887,19.4500,2.35
22.0376,20.3983,18.9388,19.0317,19.0978,19.3898,2.45
22.2758,20.5110,18.9709,19.0254,19.0768,19.3705,2.55
22.5158,20.7761,19.1182,19.1246,19.1746,19.3957,2.65
22.4979,20.7208,19.1145,19.0762,19.1087,19.3216,2.75
22.7186,20.9913,19.2614,19.1343,19.1664,19.3143,2.85
22.8839,21.0561,19.3948,19.2087,19.2315,19.3503,2.95
22.8613,21.0810,19.3957,19.1653,19.1944,19.3042,3.05
23.1048,21.3281,19.6175,19.2532,19.2651,19.3167,3.15
23.1997,21.4462,19.7712,19.3245,19.3382,19.3622,3.25
23.1071,21.3834,19.7403,19.3069,19.2918,19.2675,3.35
23.4389,21.6655,19.9300,19.3709,19.3648,19.2956,3.45
23.5609,21.8452,20.1088,19.4906,19.4712,19.3615,3.55
23.5185,21.8108,20.1102,19.4615,19.4117,19.3266,3.65
23.6614,21.9100,20.1595,19.5063,19.4313,19.3318,3.75
23.9825,22.3016,20.4199,19.6416,19.6103,19.3895,3.85
24.1179,22.4039,20.5437,19.7207,19.6371,19.4300,3.95
24.1225,22.3788,20.5321,19.6828,19.5896,19.3560,4.05
24.3653,22.4743,20.6053,19.7201,19.6287,19.4040,4.15
24.6617,22.8567,20.9060,19.9363,19.8376,19.4779,4.25
24.8368,23.0041,21.1253,20.0549,19.9369,19.5399,4.35
24.8604,22.9917,21.1473,20.0239,19.9260,19.4940,4.45
24.9284,23.0312,21.1657,20.0515,19.9184,19.4890,4.55
25.4857,23.3644,21.3287,20.1588,20.0165,19.5505,4.65
25.5817,23.5260,21.5724,20.3930,20.2086,19.7125,4.75
25.5394,23.6305,21.6501,20.4365,20.2574,19.7075,4.85
25.7269,23.6459,21.6538,20.4594,20.2617,19.7063,4.95
25.7936,23.7647,21.7271,20.5350,20.2832,19.7499,5.05
26.0454,24.0531,21.9200,20.5992,20.3735,19.8003,5.15
26.2789,24.1925,22.0785,20.7647,20.4543,19.9211,5.25
26.8772,24.2180,22.0716,20.7917,20.4854,19.9621,5.35
26.6029,24.2094,22.1183,20.8049,20.5060,19.9555,5.45
26.8354,24.3000,22.1652,20.8304,20.5275,20.0073,5.55
26.6311,24.5682,22.2522,20.9040,20.6052,20.0354,5.65
27.6241,24.7792,22.3848,21.0447,20.6935,20.1247,5.75
27.1562,24.7759,22.4293,21.0693,20.6927,20.1705,5.85
27.3048,24.7863,22.4618,21.1009,20.6928,20.1689,5.95
27.3905,24.7935,22.4468,21.1350,20.7166,20.2279,6.05
27.4992,24.8835,22.5005,21.1564,20.7475,20.2592,6.15
28.0732,25.1004,22.6453,21.2305,20.7891,20.3075,6.25
28.4926,25.1220,22.7341,21.2974,20.8653,20.3728,6.35
27.9208,25.1402,22.8130,21.3338,20.8520,20.3667,6.45
28.1012,25.1758,22.7314,21.3403,20.8546,20.3871,6.55
27.6035,25.2773,22.7474,21.3427,20.8794,20.4399,6.65
28.1526,25.3485,22.8165,21.4023,20.9128,20.5054,6.75
28.3404,25.4145,22.8467,21.4466,20.9565,20.5182,6.85
28.1127,25.4762,22.9518,21.5181,20.9844,20.6092,6.95
29.2094,25.5452,23.0453,21.5453,21.0225,20.6296,7.05
28.6571,25.6002,22.9872,21.6002,21.0061,20.5960,7.15
28.8482,25.5608,22.9682,21.5691,21.0351,20.6199,7.25
28.4576,25.6367,23.0576,21.5868,21.0571,20.6765,7.35
28.7851,25.6885,23.0454,21.6384,21.0845,20.7378,7.45
28.4156,25.7817,23.1076,21.6781,21.0975,20.7645,7.55
29.1184,25.8642,23.2266,21.7253,21.1441,20.8135,7.65
28.8561,25.9171,23.2968,21.7806,21.1762,20.7953,7.75
29.4096,25.7830,23.2632,21.7837,21.1791,20.8282,7.85
28.6660,25.9187,23.3210,21.7780,21.2051,20.8593,7.95
28.9351,25.8490,23.2372,21.7745,21.2244,20.9005,8.05
29.5655,25.9179,23.2986,21.8339,21.2053,20.9658,8.15
30.1120,25.9461,23.3274,21.8533,21.2479,20.9813,8.25
29.5764,26.2015,23.3590,21.8687,21.2789,21.0201,8.35
30.0086,26.2510,23.4690,21.9555,21.3230,21.0375,8.45
29.2081,26.1990,23.5211,21.9558,21.3460,21.0368,8.55
29.1874,26.1796,23.5133,21.9871,21.3308,21.0574,8.65
29.3280,26.2320,23.4798,21.9946,21.3114,21.0594,8.75
30.0112,26.2613,23.4598,21.9937,21.3593,21.1295,8.85
29.2607,26.3062,23.4568,21.9998,21.3782,21.1315,8.95
