u,g,r,i,z,y,time
29.2092,28.6576,28.6221,28.8651,28.9165,29.1197,0.05
28.3667,27.6985,27.6260,27.8746,28.1223,28.3919,0.15
27.9460,27.2087,27.1119,27.3831,27.6537,27.8940,0.25
27.8487,26.9584,26.8083,27.0798,27.3683,27.5796,0.35
27.8057,26.8058,26.5940,26.8441,27.1001,27.3330,0.45
27.8425,26.7346,26.4521,26.6516,26.8984,27.0848,0.55
28.0391,26.7629,26.3630,26.5238,26.7325,26.9700,0.65
28.1293,26.7510,26.2873,26.4564,26.6232,26.8208,0.75
28.2506,26.7588,26.2237,26.3444,26.5171,26.6683,0.85
28.3551,26.7863,26.1989,26.2822,26.4273,26.5762,0.95
28.5008,26.8409,26.1505,26.2325,26.3649,26.4893,1.05
28.6150,26.8921,26.1405,26.1846,26.3066,26.3946,1.15
28.7703,26.9092,26.1094,26.1122,26.2139,26.3232,1.25
28.8806,26.9911,26.1416,26.1228,26.2417,26.2887,1.35
29.2210,27.1358,26.1789,26.1074,26.2299,26.2527,1.45
29.3853,27.1527,26.1434,26.0014,26.1078,26.1388,1.55
29.5317,27.2288,26.2041,26.0300,26.1396,26.1691,1.65
29.9442,27.4351,26.2817,25.9733,26.0850,26.1195,1.75
29.8687,27.3938,26.2745,25.9312,26.0264,26.0713,1.85
30.2658,27.6505,26.4687,25.9696,26.0462,26.0792,1.95
30.2307,27.6027,26.4114,25.8916,25.9731,26.0130,2.05
30.6303,27.8976,26.6654,25.9618,26.0031,26.0215,2.15
30.5398,27.8325,26.6007,25.9014,25.9677,25.9816,2.25
30.9169,28.1889,26.8439,25.9486,25.9469,25.9658,2.35
30.9128,28.1825,26.8621,25.9445,25.9478,25.9824,2.45
31.0407,28.3363,26.9634,25.9269,25.8958,25.8905,2.55
31.2599,28.5897,27.1864,26.0660,25.9403,25.9769,2.65
31.1774,28.4885,27.0881,25.9912,25.8833,25.9008,2.75
31.6241,28.9120,27.3745,26.0828,25.9401,25.9227,2.85
31.6752,28.9850,27.4513,26.1568,25.9624,25.9365,2.95
31.7364,28.9466,27.3842,26.1047,25.8734,25.8709,3.05
32.0929,29.3462,27.6639,26.2196,25.9921,25.9345,3.15
32.1374,29.3755,27.7148,26.2886,26.0432,25.9360,3.25
32.0365,29.3291,27.6645,26.2338,25.9751,25.8811,3.35
32.6153,29.6668,27.8935,26.3280,26.0869,25.9059,3.45
32.6862,29.7839,28.0441,26.4635,26.1989,25.9909,3.55
32.5069,29.7401,27.9728,26.4340,26.1547,25.9291,3.65
32.6480,29.8415,28.0344,26.4812,26.1687,25.9113,3.75
33.1676,30.1524,28.2725,26.6669,26.3250,26.0319,3.85
33.0647,30.1584,28.3284,26.7516,26.4209,26.0730,3.95
33.1537,30.0912,28.2255,26.7258,26.3671,26.0150,4.05
33.3707,30.2892,28.3392,26.8689,26.4119,26.0259,4.15
33.3179,30.4685,28.5264,27.1322,26.5943,26.1572,4.25
33.7365,30.4645,28.5809,27.2184,26.6608,26.2125,4.35
33.6801,30.4936,28.5422,27.1996,26.6274,26.1901,4.45
33.6362,30.5363,28.6000,27.3576,26.6557,26.2132,4.55
34.2823,30.8000,28.7766,27.7625,26.7850,26.2675,4.65
34.0725,30.8727,28.8783,27.9685,26.9332,26.3949,4.75
34.3067,30.8023,28.8529,27.9613,26.9393,26.3997,4.85
33.9434,30.7690,28.8132,27.9413,26.8977,26.3982,4.95
34.4461,30.9930,28.9394,28.2580,26.9856,26.4283,5.05
34.8654,31.1987,29.2160,28.5942,27.1402,26.5336,5.15
34.5474,31.2777,29.2391,28.7350,27.2651,26.6407,5.25
34.8526,31.2844,29.2600,28.7076,27.2909,26.6429,5.35
34.3359,31.3387,29.2800,28.7127,27.2542,26.6079,5.45
35.7817,31.5272,29.4069,28.8654,27.3401,26.6506,5.55
35.0577,31.7427,29.6834,29.1687,27.5979,26.8143,5.65
35.3816,31.8815,29.8418,29.2230,27.8146,26.9775,5.75
36.0552,31.8586,29.8923,29.2913,27.8647,27.0220,5.85
35.8718,31.8509,29.8590,29.2701,27.8225,26.9866,5.95
36.1345,32.0868,29.8932,29.3266,27.8407,27.0150,6.05
36.5924,32.1534,30.0822,29.4964,27.9548,27.0912,6.15
36.7049,32.6816,30.3615,29.6919,28.1892,27.2855,6.25
53.0246,32.8463,30.4695,29.7957,28.4091,27.5051,6.35
37.4844,32.6051,30.5661,29.8742,28.4994,27.5794,6.45
36.5845,32.7161,30.6537,29.8442,28.5363,27.6017,6.55
36.6789,32.7499,30.6306,29.9130,28.4995,27.5809,6.65
38.2930,32.8580,30.6993,30.0323,28.5851,27.6400,6.75
37.3237,33.1726,31.0807,30.2284,28.7167,27.7286,6.85
38.6258,33.4367,31.1234,30.3403,28.9035,27.9309,6.95
37.5504,33.8120,31.3716,30.4471,28.9784,28.0900,7.05
38.8751,33.8435,31.3793,30.5372,29.0787,28.0825,7.15
-9999.0000,33.7835,31.3828,30.4730,29.0613,28.0859,7.25
37.6519,33.6961,31.3618,30.5403,29.0753,28.1031,7.35
40.4996,33.8526,31.6741,30.6239,29.1626,28.1443,7.45
-9999.0000,34.2954,31.7417,30.9111,29.2729,28.2717,7.55
-9999.0000,34.6552,31.9800,31.0541,29.4065,28.3693,7.65
38.8004,34.6840,32.0972,31.0639,29.5182,28.5144,7.75
-9999.0000,34.6450,32.0985,31.1722,29.5461,28.5156,7.85
-9999.0000,34.8170,32.0919,31.1892,29.5768,28.5443,7.95
-9999.0000,34.7191,32.1948,31.0881,29.6027,28.5676,8.05
-9999.0000,34.6791,32.1914,31.1879,29.5873,28.5736,8.15
-9999.0000,34.8309,32.2597,31.4715,29.6752,28.6591,8.25
-9999.0000,35.5202,32.7368,31.5670,29.7792,28.7562,8.35
-9999.0000,35.4607,32.8247,31.5222,29.8432,28.8413,8.45
-9999.0000,35.5828,32.7683,31.5676,29.9455,28.8528,8.55
-9999.0000,35.3279,32.9101,31.5704,29.9695,28.9267,8.65
-9999.0000,35.2564,32.9270,31.7112,29.9449,28.9485,8.75
-9999.0000,35.8230,32.7439,31.6031,29.9830,28.9484,8.85
-9999.0000,35.3743,32.9496,31.7506,30.0432,28.9683,8.95
