u,g,r,i,z,y,time
19.3944,18.3431,18.4209,18.7877,19.0439,19.3421,0.05
19.5091,17.8823,17.9442,18.3303,18.5687,18.8750,0.15
19.9978,17.7512,17.6835,18.0412,18.3257,18.6037,0.25
20.3502,17.8051,17.5125,17.8427,18.1488,18.4873,0.35
20.6510,17.9787,17.4244,17.7045,18.0217,18.3687,0.45
20.8469,18.2161,17.3988,17.6313,17.9421,18.3141,0.55
21.0658,18.4831,17.4171,17.6064,17.8425,18.2685,0.65
21.2362,18.7478,17.4538,17.5856,17.7367,18.1452,0.75
21.3758,18.9718,17.5525,17.5702,17.6435,18.0448,0.85
21.5674,19.1710,17.6714,17.5774,17.5779,17.9569,0.95
21.7606,19.3707,17.8233,17.6133,17.5520,17.9020,1.05
21.8413,19.5445,18.0010,17.6694,17.5598,17.8535,1.15
22.0625,19.7228,18.1883,17.7499,17.5852,17.8514,1.25
22.1950,19.8993,18.3686,17.8445,17.6184,17.8263,1.35
22.4138,20.0675,18.5284,17.9372,17.6561,17.8214,1.45
22.5295,20.2041,18.6561,18.0352,17.7095,17.8097,1.55
22.6584,20.3809,18.7779,18.1221,17.7457,17.8192,1.65
22.8214,20.4908,18.8684,18.2119,17.8019,17.8525,1.75
22.9911,20.6111,18.9752,18.2937,17.8398,17.8841,1.85
23.1130,20.7501,19.0559,18.3754,17.9007,17.9192,1.95
23.1979,20.8469,19.1315,18.4528,17.9701,17.9773,2.05
23.2340,20.9414,19.2014,18.5042,18.0193,18.0179,2.15
23.3704,21.0019,19.2811,18.5697,18.0830,18.0652,2.25
23.5502,21.1086,19.3459,18.6374,18.1449,18.1200,2.35
23.5534,21.1680,19.3973,18.6833,18.1913,18.1829,2.45
23.7463,21.2586,19.4593,18.7436,18.2470,18.2322,2.55
23.7154,21.3337,19.5160,18.7901,18.3083,18.2713,2.65
23.9019,21.3962,19.5811,18.8458,18.3612,18.3376,2.75
23.8775,21.4054,19.6492,18.8992,18.4209,18.3998,2.85
23.9955,21.4968,19.6903,18.9303,18.4833,18.4580,2.95
24.0649,21.5455,19.7352,18.9637,18.5288,18.5236,3.05
24.0803,21.6041,19.7877,19.0187,18.5779,18.5864,3.15
24.0708,21.6587,19.8313,19.0593,18.6256,18.6649,3.25
24.3028,21.6960,19.8684,19.1040,18.6849,18.7074,3.35
24.3384,21.7138,19.9410,19.1371,18.7302,18.7827,3.45
24.4243,21.7796,19.9595,19.1731,18.7782,18.8396,3.55
24.4375,21.8057,19.9924,19.2100,18.8373,18.8965,3.65
24.4081,21.8756,20.0390,19.2661,18.8624,18.9630,3.75
24.6066,21.8811,20.0801,19.2858,18.9339,19.0361,3.85
24.7393,21.9089,20.1116,19.3287,18.9777,19.0667,3.95
24.7944,21.9850,20.1533,19.3728,19.0036,19.1398,4.05
24.7258,21.9734,20.1989,19.4171,19.0553,19.1973,4.15
24.8060,22.0494,20.2452,19.4478,19.0955,19.2348,4.25
24.7589,22.0868,20.2653,19.4739,19.1290,19.2923,4.35
24.9465,22.0964,20.3090,19.5064,19.1943,19.3710,4.45
24.9696,22.1430,20.3634,19.5488,19.2187,19.4112,4.55
25.1356,22.1727,20.3789,19.5866,19.2632,19.4502,4.65
25.1373,22.1988,20.4020,19.6223,19.2766,19.4996,4.75
25.2396,22.2545,20.4352,19.6538,19.3364,19.5399,4.85
25.1644,22.2891,20.4938,19.6896,19.3975,19.5918,4.95
25.2585,22.2947,20.5318,19.7321,19.4116,19.6399,5.05
25.2198,22.3549,20.5622,19.7512,19.4443,19.7034,5.15
25.3475,22.3880,20.6095,19.7706,19.4888,19.7411,5.25
25.4421,22.3749,20.6322,19.8183,19.5316,19.7888,5.35
25.7114,22.4047,20.6559,19.8637,19.5599,19.8115,5.45
25.5547,22.4648,20.6939,19.8940,19.6023,19.9006,5.55
25.6270,22.4563,20.7585,19.8987,19.6415,19.9116,5.65
25.6662,22.5089,20.7842,19.9479,19.6866,19.9754,5.75
25.6458,22.5754,20.7968,19.9809,19.7206,20.0284,5.85
25.8106,22.5646,20.8275,20.0208,19.7446,20.0305,5.95
25.8413,22.6202,20.8231,20.0536,19.7739,20.0593,6.05
25.8254,22.6370,20.8892,20.0571,19.8571,20.1534,6.15
25.9684,22.6418,20.9081,20.1195,19.8502,20.1774,6.25
26.0957,22.7280,20.9337,20.1280,19.8860,20.2191,6.35
25.9561,22.7290,20.9894,20.2202,19.9323,20.2496,6.45
25.9877,22.7191,21.0248,20.2216,19.9678,20.3145,6.55
26.1484,22.7717,21.0441,20.2728,20.0036,20.3233,6.65
26.2791,22.8011,21.0790,20.3048,20.0352,20.3791,6.75
26.4724,22.8791,21.1209,20.3440,20.0546,20.3936,6.85
26.0601,22.8873,21.1304,20.3708,20.0911,20.4368,6.95
26.2466,22.8896,21.1578,20.4098,20.1396,20.4879,7.05
26.6495,22.9586,21.1999,20.4176,20.1607,20.5400,7.15
26.5746,22.9701,21.2249,20.4540,20.2019,20.5572,7.25
26.3752,22.9869,21.2489,20.5041,20.2483,20.5727,7.35
26.5665,23.0076,21.2929,20.5055,20.2696,20.6092,7.45
26.5066,23.0767,21.3314,20.5738,20.3069,20.6779,7.55
27.1329,23.0723,21.3469,20.5751,20.3499,20.7236,7.65
26.8601,23.0933,21.3728,20.6380,20.3637,20.7655,7.75
26.6578,23.1193,21.3969,20.6598,20.4069,20.7883,7.85
26.7180,23.2268,21.4370,20.6985,20.4422,20.8514,7.95
26.7714,23.2210,21.4371,20.7224,20.5120,20.8661,8.05
27.0138,23.2128,21.4705,20.7676,20.5096,20.8899,8.15
27.0493,23.2421,21.4960,20.7905,20.5357,20.9338,8.25
27.1379,23.2743,21.5420,20.7942,20.5626,20.9750,8.35
27.1201,23.3417,21.5923,20.8547,20.6323,20.9775,8.45
27.1948,23.3132,21.6071,20.8760,20.6418,21.0277,8.55
27.4888,23.3834,21.6489,20.8866,20.6632,21.0529,8.65
27.2863,23.4077,21.6647,20.9436,20.6889,21.0970,8.75
27.0778,23.5069,21.6714,20.9607,20.7550,21.1456,8.85
27.2383,23.4314,21.6991,21.0032,20.7615,21.1789,8.95
