u,g,r,i,z,y,time
26.5041,26.1904,26.3530,26.3838,26.6503,26.9899,0.05
25.7209,25.3816,25.3931,25.4292,25.7094,25.8903,0.15
25.4114,24.9222,24.9560,24.8450,25.1784,25.4124,0.25
25.3032,24.7232,24.6283,24.5585,24.8547,24.9773,0.35
25.1522,24.5162,24.3530,24.2924,24.5391,24.6381,0.45
25.0507,24.3525,24.1590,24.0587,24.3123,24.4618,0.55
25.1625,24.3465,24.0581,23.9461,24.2176,24.2515,0.65
25.0670,24.2152,23.9075,23.7376,24.0692,24.0737,0.75
25.0966,24.1493,23.7811,23.6413,23.9113,24.0070,0.85
25.1660,24.1152,23.6854,23.5271,23.8280,23.8427,0.95
25.2365,24.1036,23.6044,23.4648,23.7453,23.7452,1.05
25.2950,24.0880,23.5140,23.3619,23.6259,23.6152,1.15
25.3379,24.0702,23.4290,23.2783,23.5710,23.5309,1.25
25.4060,24.0691,23.3837,23.2238,23.4900,23.5407,1.35
25.6455,24.1908,23.3677,23.2061,23.4708,23.4778,1.45
25.6540,24.1846,23.2770,23.0827,23.3480,23.3314,1.55
25.6671,24.1606,23.2625,23.0844,23.3341,23.3491,1.65
25.9529,24.3721,23.2513,23.0458,23.3186,23.2677,1.75
25.8603,24.2135,23.1693,22.9603,23.2466,23.1836,1.85
26.1324,24.4646,23.2446,22.9986,23.2754,23.2027,1.95
26.0124,24.3343,23.1249,22.9022,23.1548,23.1037,2.05
26.2969,24.5804,23.2375,22.9673,23.1963,23.1149,2.15
26.1850,24.4285,23.1445,22.8681,23.1184,23.0595,2.25
26.5099,24.7170,23.2274,22.8609,23.1120,23.0190,2.35
26.4156,24.6018,23.2047,22.9106,23.1156,23.0624,2.45
26.5679,24.6882,23.1668,22.8057,23.0235,22.9407,2.55
26.6456,24.8518,23.3258,22.9236,23.1196,23.0440,2.65
26.5780,24.6985,23.2089,22.8191,23.0060,22.9434,2.75
27.0014,24.9947,23.3125,22.8090,23.0186,22.9244,2.85
26.9626,24.9587,23.3912,22.9157,23.1139,23.0086,2.95
26.9059,24.8821,23.2808,22.7850,22.9776,22.8992,3.05
27.2379,25.1339,23.4432,22.8094,22.9681,22.8692,3.15
27.0432,25.1070,23.5228,22.9168,23.0540,22.9745,3.25
27.0121,24.9773,23.4082,22.8065,22.9342,22.8991,3.35
27.2117,25.2429,23.5556,22.8023,22.9237,22.8282,3.45
27.2959,25.2867,23.7007,22.9260,23.0242,22.9554,3.55
27.0912,25.1469,23.6207,22.8527,22.9750,22.8692,3.65
27.2781,25.2014,23.6574,22.8167,22.9214,22.8205,3.75
27.4625,25.3942,23.8721,22.9026,22.9531,22.8664,3.85
27.3843,25.3662,23.9241,22.9762,23.0405,22.9025,3.95
27.2947,25.2206,23.8259,22.8929,22.9485,22.8423,4.05
27.5548,25.3597,23.9681,22.8583,22.9057,22.8051,4.15
27.6374,25.5654,24.2375,22.9524,22.9628,22.8722,4.25
27.6244,25.4988,24.2393,23.0430,23.0372,22.9168,4.35
27.5071,25.4010,24.1512,22.9803,22.9650,22.8503,4.45
27.7252,25.5034,24.2431,22.9632,22.9451,22.7924,4.55
27.9129,25.7495,24.5778,23.0253,22.9887,22.8152,4.65
27.9813,25.7814,24.6449,23.1654,23.0679,22.8927,4.75
27.7736,25.7153,24.6109,23.1378,23.0705,22.8808,4.85
27.7583,25.6450,24.5461,23.0753,22.9802,22.8256,4.95
28.2395,25.9255,24.7918,23.1436,23.0389,22.8232,5.05
28.2864,26.1569,25.0364,23.2641,23.1109,22.8896,5.15
28.4583,26.1637,25.0575,23.3692,23.1601,22.9375,5.25
28.2749,26.0779,24.9815,23.3088,23.1590,22.9186,5.35
28.6048,26.0150,24.9021,23.2704,23.0817,22.8651,5.45
28.5429,26.2028,25.1535,23.3886,23.1798,22.8857,5.55
29.0335,26.5272,25.4083,23.5979,23.3126,22.9407,5.65
29.1720,26.6154,25.4256,23.7081,23.3710,23.0430,5.75
29.1732,26.5500,25.4247,23.6700,23.3514,23.0102,5.85
29.1626,26.5310,25.3204,23.6328,23.3025,22.9930,5.95
29.1668,26.4816,25.3685,23.6258,23.2750,22.9444,6.05
29.5217,26.8593,25.7108,23.8497,23.4396,23.0068,6.15
29.9240,27.0741,25.8435,24.0560,23.5712,23.1475,6.25
29.9542,27.1868,25.9301,24.1706,23.6398,23.2386,6.35
30.1417,27.1977,25.8548,24.1613,23.6263,23.2457,6.45
30.1658,27.1220,25.8557,24.1352,23.5726,23.1876,6.55
30.1003,27.1223,25.8552,24.1279,23.5676,23.1598,6.65
30.4743,27.3749,26.1048,24.2266,23.6630,23.2283,6.75
30.7486,27.6776,26.3144,24.4765,23.8209,23.3814,6.85
30.9601,27.8621,26.4128,24.6626,23.9734,23.5502,6.95
30.9992,27.8529,26.4320,24.7032,23.9862,23.5722,7.05
31.0397,27.8411,26.4053,24.6981,23.9790,23.5934,7.15
31.3334,27.8437,26.3705,24.6717,23.9925,23.5280,7.25
31.1007,27.8597,26.4381,24.6666,23.9906,23.5430,7.35
31.7724,28.2043,26.7234,24.7876,24.0714,23.5825,7.45
32.2369,28.3152,26.9259,24.9892,24.2100,23.7236,7.55
32.4449,28.5954,26.9949,25.1379,24.3417,23.8827,7.65
32.1951,28.7351,27.0592,25.1855,24.3855,23.9360,7.75
31.7649,28.7024,27.0837,25.1602,24.4335,23.9636,7.85
31.8597,28.6454,27.0444,25.1685,24.4401,23.9577,7.95
32.4270,28.7599,27.0002,25.2027,24.4060,23.9128,8.05
31.9005,28.8021,27.1439,25.2069,24.4533,23.9567,8.15
31.8936,29.1064,27.4413,25.3519,24.5473,24.0145,8.25
33.2681,29.3522,27.5346,25.5302,24.6780,24.1111,8.35
33.2070,29.4257,27.5589,25.5634,24.7977,24.2404,8.45
33.3458,29.5643,27.6509,25.6975,24.8032,24.2609,8.55
35.2215,29.7305,27.6682,25.6995,24.8880,24.2931,8.65
34.0053,29.6754,27.7766,25.6526,24.9092,24.3445,8.75
32.9049,29.3847,27.7418,25.7554,24.8818,24.3046,8.85
34.1617,29.7194,27.7657,25.7341,24.9209,24.3611,8.95
