u,g,r,i,z,y,time
22.7347,20.1869,19.9552,20.3318,20.7527,21.2039,0.05
22.6097,20.2831,19.7718,20.2010,20.5642,21.0504,0.15
23.0083,20.9386,19.7581,20.1054,20.3310,20.8457,0.25
23.4309,21.4773,19.9892,20.0269,20.1983,20.6770,0.35
23.8785,21.9348,20.3858,20.1717,20.2322,20.5746,0.45
24.3451,22.3306,20.7635,20.4149,20.3547,20.5661,0.55
24.6949,22.6685,21.0588,20.6408,20.4673,20.6577,0.65
24.9872,22.9344,21.2906,20.8203,20.5592,20.7369,0.75
25.2622,23.1503,21.4855,20.9755,20.6681,20.8100,0.85
25.4411,23.3050,21.6604,21.1126,20.8129,20.9460,0.95
25.5554,23.4442,21.7996,21.2663,20.9660,21.1211,1.05
25.7206,23.5609,21.9435,21.3938,21.1258,21.3172,1.15
25.8754,23.6643,22.0674,21.5002,21.2712,21.5075,1.25
26.0857,23.7364,22.1805,21.6287,21.4298,21.6965,1.35
26.2102,23.8320,22.2875,21.7360,21.5517,21.8652,1.45
26.3085,23.9099,22.3801,21.8459,21.6701,22.0295,1.55
26.3565,23.9722,22.4741,21.9457,21.7910,22.1711,1.65
26.5466,24.0281,22.5641,22.0468,21.9119,22.3035,1.75
26.7195,24.0878,22.6381,22.1399,22.0035,22.4342,1.85
26.7874,24.1475,22.7169,22.2314,22.1174,22.5374,1.95
26.9646,24.2029,22.7734,22.3213,22.2018,22.6548,2.05
26.9861,24.2689,22.8556,22.3957,22.3158,22.7556,2.15
27.0862,24.3350,22.9267,22.4941,22.4053,22.8659,2.25
27.3425,24.3840,22.9844,22.5732,22.5054,22.9613,2.35
27.4515,24.4394,23.0450,22.6455,22.5857,23.0719,2.45
27.5784,24.5033,23.1070,22.7149,22.6583,23.1594,2.55
27.6833,24.5411,23.1763,22.7883,22.7461,23.2393,2.65
27.7794,24.6314,23.2155,22.8688,22.8384,23.3331,2.75
27.7873,24.6710,23.2755,22.9476,22.8996,23.4038,2.85
27.9953,24.7381,23.3300,23.0306,22.9815,23.4739,2.95
27.9229,24.8054,23.3949,23.0961,23.0540,23.5589,3.05
28.1408,24.8508,23.4434,23.1406,23.1482,23.6230,3.15
28.3287,24.9218,23.5011,23.2230,23.1870,23.7276,3.25
28.5657,24.9547,23.5501,23.2785,23.2669,23.7861,3.35
28.4893,25.0355,23.6198,23.3543,23.3574,23.8438,3.45
28.6883,25.0629,23.6723,23.4240,23.4239,23.9058,3.55
28.8182,25.1380,23.7132,23.4891,23.4695,23.9993,3.65
28.9864,25.2006,23.7594,23.5436,23.5389,24.0485,3.75
29.1072,25.2615,23.8137,23.5888,23.6219,24.1174,3.85
29.2336,25.2952,23.8596,23.6514,23.6922,24.2008,3.95
29.3882,25.3824,23.9098,23.7307,23.7580,24.2231,4.05
29.2951,25.4433,23.9580,23.8145,23.8176,24.3237,4.15
29.5751,25.4972,24.0133,23.8666,23.8836,24.3890,4.25
29.9217,25.5521,24.0790,23.8996,23.9272,24.4288,4.35
30.1102,25.6159,24.1159,23.9729,24.0073,24.5007,4.45
30.1121,25.6731,24.1802,24.0301,24.0625,24.5481,4.55
30.0984,25.7458,24.2159,24.0711,24.0993,24.5837,4.65
30.2840,25.7892,24.2727,24.1273,24.1943,24.6550,4.75
30.1588,25.8412,24.3061,24.1983,24.2428,24.7285,4.85
30.7457,25.9673,24.3453,24.2729,24.3021,24.7542,4.95
30.6973,25.9819,24.4253,24.3278,24.3340,24.8156,5.05
30.9817,26.0382,24.4491,24.3703,24.4068,24.9004,5.15
31.6902,26.0977,24.4938,24.4265,24.4586,24.9253,5.25
31.3374,26.1843,24.5690,24.4824,24.5412,24.9685,5.35
31.3600,26.2627,24.6035,24.5558,24.5645,25.0795,5.45
31.3640,26.3276,24.6582,24.6175,24.6609,25.0808,5.55
31.3996,26.3568,24.7085,24.6417,24.7012,25.0788,5.65
31.4498,26.4253,24.7475,24.7065,24.7115,25.1896,5.75
31.8845,26.5136,24.7938,24.7644,24.7660,25.2605,5.85
31.5379,26.5742,24.8709,24.8165,24.8433,25.2789,5.95
32.1389,26.6624,24.9265,24.8784,24.9191,25.3593,6.05
32.1966,26.7258,24.9697,24.9231,24.9554,25.3688,6.15
32.0887,26.7749,25.0547,24.9921,25.0243,25.4340,6.25
32.3691,26.8688,25.0729,25.0519,25.0213,25.4719,6.35
32.7166,26.9485,25.1320,25.0974,25.1024,25.5275,6.45
32.8896,27.0240,25.2017,25.1642,25.1527,25.6093,6.55
33.5488,27.1013,25.2421,25.2014,25.2163,25.6682,6.65
33.4176,27.2019,25.2904,25.2691,25.2373,25.6776,6.75
33.0893,27.2402,25.3389,25.3546,25.3621,25.7466,6.85
32.7835,27.3295,25.4130,25.3919,25.3765,25.8015,6.95
33.2136,27.4394,25.4680,25.4598,25.4151,25.7904,7.05
33.6913,27.4750,25.5140,25.5024,25.4445,25.8744,7.15
33.1823,27.5879,25.5686,25.5504,25.5573,25.9760,7.25
33.7200,27.6483,25.6379,25.6476,25.5668,25.9314,7.35
34.3734,27.6833,25.6760,25.7150,25.6351,26.0210,7.45
34.3697,27.8139,25.7632,25.7654,25.6821,26.1179,7.55
33.9678,27.8956,25.8351,25.7938,25.7263,26.1083,7.65
-9999.0000,28.0287,25.8699,25.8575,25.8249,26.2408,7.75
35.5269,28.0249,25.9113,25.8960,25.8332,26.2301,7.85
36.1346,28.2023,26.0015,25.9511,25.8735,26.2713,7.95
35.4958,28.2940,26.0606,26.0330,25.9538,26.3630,8.05
34.9480,28.3475,26.1121,26.1221,26.0587,26.3844,8.15
39.3734,28.3989,26.1588,26.1508,25.9973,26.4710,8.25
38.7564,28.4928,26.2551,26.2119,26.1122,26.4928,8.35
35.1128,28.6260,26.3025,26.3085,26.1815,26.5424,8.45
39.3772,28.7375,26.4070,26.3325,26.2187,26.5687,8.55
34.8526,28.8386,26.4467,26.4221,26.2624,26.6439,8.65
37.4291,28.9224,26.5160,26.4885,26.3418,26.6710,8.75
35.5778,29.0354,26.5835,26.5479,26.4371,26.7472,8.85
35.1642,29.1226,26.6530,26.6034,26.5115,26.8616,8.95
