u,g,r,i,z,y,time
28.6802,27.8213,27.3036,27.2482,27.2201,27.1291,0.05
29.3524,28.0413,27.1310,26.7629,26.6640,26.3518,0.15
29.5213,28.2183,27.2450,26.4868,26.4018,26.0019,0.25
29.9845,28.4391,27.3984,26.4300,26.3288,25.7627,0.35
30.4522,28.5710,27.5079,26.4487,26.2862,25.6327,0.45
30.8538,28.8868,27.5867,26.4479,26.2095,25.5119,0.55
31.2718,29.2184,27.7920,26.5391,26.3016,25.4623,0.65
31.2978,29.3203,27.8251,26.5577,26.2068,25.3587,0.75
32.1913,29.5019,27.8937,26.6413,26.2825,25.3418,0.85
32.1673,29.7573,28.1411,26.6572,26.2909,25.3124,0.95
32.2337,30.0638,28.2233,26.7277,26.2838,25.3463,1.05
32.3345,30.1041,28.2663,26.8045,26.3585,25.2704,1.15
33.2347,30.5558,28.4454,26.8721,26.3892,25.2622,1.25
33.5962,30.4880,28.5237,26.8688,26.3721,25.2837,1.35
33.7757,30.7102,28.6906,26.9493,26.4530,25.3588,1.45
33.9962,30.8690,28.7131,26.9836,26.4368,25.2996,1.55
33.8439,31.0650,28.6758,27.0525,26.4009,25.3543,1.65
35.0411,31.3542,28.9597,27.1190,26.5490,25.3635,1.75
33.7396,31.3888,28.8220,27.0476,26.4879,25.3868,1.85
-9999.0000,31.5772,29.1971,27.1702,26.5281,25.3686,1.95
35.2546,31.5696,29.0904,27.1475,26.5138,25.4112,2.05
35.5120,31.7133,29.2289,27.2797,26.5780,25.3737,2.15
37.8188,31.8393,29.2580,27.2741,26.6032,25.4541,2.25
36.5873,31.7881,29.5428,27.3192,26.5680,25.4097,2.35
35.2802,32.2544,29.4901,27.3559,26.6818,25.4661,2.45
38.2739,32.4022,29.6858,27.3783,26.6692,25.4578,2.55
38.4407,32.4404,29.8919,27.4611,26.7357,25.4516,2.65
39.6929,32.4097,29.7131,27.4247,26.7331,25.5135,2.75
37.8230,33.0468,29.7462,27.5568,26.7758,25.5249,2.85
-9999.0000,32.6074,30.0487,27.6543,26.8253,25.5198,2.95
-9999.0000,33.2329,29.9787,27.6468,26.8640,25.6203,3.05
-9999.0000,33.0812,30.1374,27.6939,26.8674,25.6059,3.15
-9999.0000,33.5137,30.2952,27.7167,26.9813,25.6104,3.25
-9999.0000,33.8009,30.2838,27.8965,27.0216,25.7007,3.35
-9999.0000,33.7157,30.6730,27.8627,27.1018,25.7205,3.45
-9999.0000,34.1379,30.5941,27.9107,27.1424,25.6925,3.55
42.5072,33.9407,30.5459,28.0782,27.2174,25.7806,3.65
-9999.0000,33.7228,30.5763,28.1206,27.2435,25.8326,3.75
-9999.0000,33.2374,30.6356,28.1019,27.1829,25.8897,3.85
43.3658,33.9752,30.9267,28.1827,27.3227,25.8499,3.95
-9999.0000,33.9667,30.5724,28.2361,27.4138,25.9263,4.05
-9999.0000,33.9704,30.8724,28.3584,27.4556,26.0269,4.15
-9999.0000,34.5500,30.8245,28.4941,27.4239,26.0715,4.25
-9999.0000,34.3222,31.3487,28.4332,27.4869,26.0358,4.35
-9999.0000,35.6550,31.2726,28.5628,27.6027,26.0744,4.45
-9999.0000,35.7058,31.1214,28.6177,27.5474,26.1639,4.55
-9999.0000,34.9927,31.7611,28.6703,27.5812,26.2653,4.65
-9999.0000,35.3937,31.5167,28.6168,27.6230,26.2653,4.75
-9999.0000,35.0882,31.6239,28.7210,27.7328,26.2801,4.85
-9999.0000,34.5047,31.8599,28.9774,27.7854,26.3358,4.95
39.2420,34.9059,31.6784,28.9144,27.8265,26.3919,5.05
-9999.0000,35.9585,32.2087,29.0074,27.8371,26.4651,5.15
-9999.0000,35.9245,32.0321,29.0249,27.9146,26.4641,5.25
-9999.0000,35.5703,31.5337,29.0870,27.9621,26.3978,5.35
-9999.0000,34.8712,32.3636,29.2339,28.0100,26.4461,5.45
-9999.0000,35.6623,31.9578,29.2527,28.1042,26.6112,5.55
-9999.0000,37.7965,32.1093,29.3099,28.1376,26.6283,5.65
-9999.0000,35.6490,32.1307,29.2704,28.1355,26.7045,5.75
-9999.0000,37.6899,32.6093,29.4947,28.1502,26.6628,5.85
-9999.0000,34.9632,32.5589,29.5535,28.2916,26.6865,5.95
-9999.0000,36.9852,32.3947,29.4108,28.3749,26.7444,6.05
-9999.0000,35.1004,32.6400,29.5425,28.3015,26.8288,6.15
-9999.0000,35.4226,32.7426,29.6741,28.5047,26.8986,6.25
-9999.0000,39.1467,32.7819,29.7845,28.4301,26.8831,6.35
-9999.0000,35.9646,32.5483,29.6573,28.4011,26.9099,6.45
-9999.0000,36.0582,32.7879,29.8084,28.5777,26.9267,6.55
-9999.0000,42.0170,33.0039,29.7109,28.4615,26.9667,6.65
-9999.0000,-9999.0000,33.6357,29.8701,28.5730,26.9895,6.75
-9999.0000,-9999.0000,33.4159,29.9900,28.6845,27.0107,6.85
-9999.0000,39.8179,32.7213,29.9006,28.6739,27.1575,6.95
-9999.0000,38.6949,33.1264,29.9293,28.7650,27.1636,7.05
-9999.0000,-9999.0000,32.9354,29.9692,28.6257,27.1783,7.15
-9999.0000,-9999.0000,33.3812,29.9975,28.7707,27.1872,7.25
-9999.0000,36.4649,32.8151,30.2392,28.8265,27.1499,7.35
-9999.0000,-9999.0000,34.4994,30.3889,28.8081,27.2107,7.45
-9999.0000,-9999.0000,33.6574,30.0860,28.8151,27.3195,7.55
-9999.0000,42.3569,32.7359,30.3694,28.9839,27.3513,7.65
-9999.0000,-9999.0000,34.8025,30.1142,28.9250,27.4288,7.75
-9999.0000,-9999.0000,33.0672,30.5558,29.0485,27.4322,7.85
-9999.0000,-9999.0000,33.1592,30.3815,28.8876,27.4533,7.95
-9999.0000,-9999.0000,33.5025,30.7980,28.9015,27.4771,8.05
-9999.0000,-9999.0000,33.2811,30.3583,29.0386,27.4397,8.15
-9999.0000,36.1170,33.4762,30.5787,29.0483,27.4809,8.25
-9999.0000,-9999.0000,33.5287,30.5462,28.9757,27.4891,8.35
-9999.0000,39.0375,33.4883,30.5907,29.1194,27.6081,8.45
-9999.0000,-9999.0000,34.2205,30.4369,29.0420,27.6476,8.55
-9999.0000,-9999.0000,34.2128,30.7646,29.1175,27.7637,8.65
-9999.0000,-9999.0000,33.5070,30.6759,29.0728,27.7378,8.75
-9999.0000,36.8214,33.1990,30.6643,29.1548,27.7283,8.85
-9999.0000,36.9645,33.1849,30.7510,29.0949,27.8405,8.95
