u,g,r,i,z,y,time
29.4628,28.2186,28.2796,28.4786,28.7132,29.0015,0.05
28.8106,27.5053,27.6480,27.8627,28.1967,28.5383,0.15
28.9798,27.4431,27.4110,27.5842,27.8813,28.2965,0.25
29.4352,27.6393,27.3231,27.4679,27.6915,28.1453,0.35
30.0868,27.9214,27.3265,27.4061,27.5936,28.0287,0.45
30.9526,28.2571,27.4086,27.3726,27.5822,27.9841,0.55
31.5046,28.6733,27.5957,27.3919,27.6123,28.0036,0.65
32.0238,29.2315,27.9607,27.4395,27.6697,28.0716,0.75
32.6319,29.8756,28.4063,27.5859,27.7295,28.1841,0.85
33.2397,30.5342,28.8746,27.8003,27.7244,28.1850,0.95
33.8113,31.1043,29.2985,28.0292,27.7328,28.0631,1.05
34.4950,31.5530,29.6689,28.2555,27.8335,27.9083,1.15
35.0034,31.9569,29.9716,28.4717,27.9747,27.8440,1.25
35.5494,32.3371,30.2027,28.6924,28.1218,27.8546,1.35
36.0451,32.6558,30.4126,28.9391,28.3057,27.9461,1.45
36.8434,32.9470,30.6012,29.0935,28.4425,28.0432,1.55
36.9010,33.2800,30.7668,29.2252,28.5388,28.1222,1.65
37.3202,33.3895,30.8643,29.3529,28.6435,28.2214,1.75
37.5200,33.7089,30.9883,29.4241,28.6950,28.2973,1.85
38.1307,33.7504,31.0552,29.5108,28.7683,28.3682,1.95
38.2225,34.0202,31.1389,29.5682,28.8134,28.4375,2.05
37.9619,34.0682,31.1826,29.6203,28.8731,28.5005,2.15
39.5468,34.2982,31.2328,29.6491,28.8819,28.5528,2.25
38.5982,34.2965,31.2814,29.7028,28.9346,28.6330,2.35
38.5173,34.4402,31.2889,29.7178,28.9401,28.6520,2.45
39.7269,34.4619,31.3687,29.7361,28.9801,28.7431,2.55
38.5932,34.4227,31.3408,29.7489,29.0007,28.7651,2.65
39.1132,34.6024,31.3953,29.7732,28.9871,28.8273,2.75
39.1270,34.7055,31.4224,29.7749,29.0147,28.8807,2.85
39.1679,34.7475,31.3714,29.7840,29.0125,28.9033,2.95
38.8065,34.7212,31.4056,29.7857,29.0022,28.9686,3.05
39.6907,34.7002,31.4515,29.8393,29.0484,29.0239,3.15
45.8754,34.7483,31.4352,29.8220,29.0346,29.0563,3.25
39.0234,34.9750,31.4468,29.8205,29.0480,29.0911,3.35
39.8848,34.8128,31.5271,29.8436,29.0796,29.1506,3.45
41.7545,34.7748,31.4787,29.8574,29.0741,29.1915,3.55
40.6248,34.8715,31.4707,29.8559,29.0816,29.2278,3.65
39.4499,35.0267,31.5230,29.8837,29.1069,29.3108,3.75
39.5213,35.0459,31.5540,29.8995,29.1307,29.3283,3.85
-9999.0000,35.0780,31.5506,29.9225,29.1125,29.3484,3.95
39.7947,34.9809,31.5286,29.9093,29.1262,29.4022,4.05
39.5183,35.1680,31.6090,29.9411,29.1714,29.4850,4.15
39.5292,35.2633,31.6736,29.9775,29.1826,29.5106,4.25
40.3368,35.2461,31.6336,29.9952,29.1836,29.5381,4.35
40.8307,35.2047,31.6482,29.9896,29.2027,29.5572,4.45
40.0965,35.2654,31.6708,30.0213,29.2231,29.6457,4.55
39.8297,35.3025,31.7070,30.0329,29.2593,29.6808,4.65
42.9593,35.3112,31.7568,30.0547,29.2681,29.6993,4.75
39.6313,35.3179,31.7369,30.0613,29.2997,29.7295,4.85
39.8837,35.3700,31.7399,30.0874,29.3117,29.7830,4.95
40.2136,35.6295,31.8299,30.1392,29.3259,29.8339,5.05
40.1605,35.4321,31.8454,30.1577,29.3650,29.8949,5.15
40.0684,35.6358,31.8251,30.1535,29.3705,29.9006,5.25
-9999.0000,35.4711,31.8783,30.1837,29.4071,29.9207,5.35
46.2312,35.5416,31.8968,30.1995,29.4122,29.9668,5.45
40.6735,35.6288,31.9330,30.2484,29.4557,30.0500,5.55
-9999.0000,35.5743,31.9714,30.2736,29.4741,30.0878,5.65
41.0133,35.7210,32.0252,30.3024,29.5011,30.0952,5.75
-9999.0000,35.6553,32.0255,30.3300,29.5046,30.1227,5.85
41.4995,35.7139,32.0254,30.3337,29.5310,30.1704,5.95
-9999.0000,35.7459,32.1107,30.3630,29.5558,30.1948,6.05
41.3452,35.7867,32.1403,30.4088,29.5866,30.2785,6.15
40.3061,35.6000,32.1061,30.4422,29.6400,30.2952,6.25
43.6906,35.8714,32.1738,30.4696,29.6573,30.3230,6.35
40.7590,35.9544,32.2107,30.4885,29.6673,30.3164,6.45
41.6284,35.8142,32.1924,30.4888,29.6784,30.3501,6.55
40.1154,35.8988,32.2520,30.5319,29.7283,30.4117,6.65
40.0375,36.0162,32.3233,30.5540,29.7624,30.4490,6.75
-9999.0000,35.8908,32.2939,30.5886,29.7940,30.5048,6.85
-9999.0000,35.9668,32.3281,30.5970,29.7985,30.5379,6.95
41.2754,36.1597,32.3455,30.6180,29.8253,30.5296,7.05
-9999.0000,36.2692,32.4236,30.6625,29.8491,30.5651,7.15
40.8190,35.9647,32.4377,30.6855,29.8913,30.5958,7.25
41.2746,36.0592,32.4633,30.7184,29.9159,30.6434,7.35
41.3101,36.0694,32.4500,30.7312,29.9498,30.7319,7.45
40.7427,36.0032,32.5341,30.7655,29.9609,30.7700,7.55
41.3016,36.1646,32.5529,30.8199,29.9850,30.7689,7.65
41.5886,36.2206,32.5628,30.8217,30.0204,30.8073,7.75
41.1657,36.0959,32.6338,30.8538,30.0468,30.8236,7.85
42.1103,36.3481,32.6022,30.8843,30.0672,30.8547,7.95
41.5842,36.2072,32.6548,30.8814,30.1225,30.8977,8.05
-9999.0000,36.3953,32.7233,30.9194,30.1256,30.9771,8.15
41.3917,36.2488,32.7254,30.9575,30.1666,31.0250,8.25
-9999.0000,36.4563,32.7158,30.9896,30.2023,31.0700,8.35
-9999.0000,36.2626,32.7672,31.0049,30.2007,31.0508,8.45
-9999.0000,36.3208,32.8003,31.0222,30.2297,31.1083,8.55
41.4249,36.2932,32.7754,31.0583,30.2760,31.0937,8.65
-9999.0000,36.3450,32.8306,31.0534,30.2873,31.1378,8.75
41.4954,36.4817,32.8749,31.1082,30.3528,31.2181,8.85
41.4576,36.5128,32.8615,31.1293,30.3616,31.2295,8.95
