u,g,r,i,z,y,time
31.3363,31.0218,30.3374,30.4389,30.5184,30.2449,0.05
31.7165,31.0341,30.2960,29.9130,29.7523,29.4746,0.15
32.0708,31.1367,30.2414,29.6346,29.4313,29.2455,0.25
32.5368,31.2510,30.2052,29.4711,29.1708,29.0089,0.35
32.8212,31.3172,30.1534,29.3062,28.9185,28.7137,0.45
33.0773,31.3324,30.0448,29.2148,28.7323,28.4704,0.55
33.6187,31.5348,30.1465,29.3008,28.7469,28.4141,0.65
33.6393,31.4500,30.0427,29.1545,28.5644,28.2120,0.75
33.8291,31.5378,30.0789,29.1353,28.5383,28.1189,0.85
33.8300,31.4940,30.0471,29.1522,28.5397,28.0579,0.95
33.9840,31.5760,30.0892,29.1897,28.5099,27.9940,1.05
34.1086,31.6583,30.0570,29.2256,28.5489,27.9141,1.15
33.8912,31.5621,30.0119,29.1301,28.4938,27.8640,1.25
34.2874,31.6527,30.0377,29.1490,28.5185,27.8137,1.35
34.7126,31.7661,30.1679,29.3500,28.7243,27.8781,1.45
34.2517,31.7701,30.1252,29.3087,28.6912,27.7916,1.55
34.2073,31.7333,30.0662,29.2708,28.6602,27.7897,1.65
34.6208,31.9911,30.2430,29.4904,28.9151,27.8772,1.75
34.6195,31.9043,30.1498,29.3258,28.7555,27.7033,1.85
35.0765,32.2667,30.3324,29.6000,29.0484,27.9318,1.95
34.5244,31.9682,30.2015,29.4605,28.8844,27.7629,2.05
35.1482,32.3723,30.4475,29.6895,29.1248,28.0059,2.15
34.5776,32.1738,30.2974,29.5180,29.0171,27.8418,2.25
35.0106,32.5984,30.6440,29.8255,29.3010,28.0828,2.35
34.8880,32.4055,30.5032,29.6901,29.1513,27.9600,2.45
35.7997,32.7389,30.5649,29.8766,29.2833,28.0778,2.55
35.7066,32.8278,30.7084,29.8483,29.3618,28.2101,2.65
35.4884,32.7651,30.5982,29.7862,29.1870,28.0657,2.75
35.9038,33.2372,30.9934,30.1318,29.5659,28.3799,2.85
36.3296,33.3258,30.9457,30.0735,29.4946,28.3436,2.95
35.6177,33.2052,30.8553,29.9722,29.4365,28.2503,3.05
37.5835,33.9074,31.3522,30.3764,29.7109,28.5968,3.15
36.7711,33.7410,31.2689,30.3078,29.6045,28.5175,3.25
37.5713,33.6366,31.2640,30.1874,29.5287,28.4356,3.35
37.6203,34.4651,31.6209,30.6309,29.9304,28.7826,3.45
37.0041,34.4422,31.7850,30.6252,29.8794,28.8396,3.55
40.0288,34.2363,31.5922,30.5287,29.8181,28.6281,3.65
40.3243,34.2447,31.8646,30.6817,29.9333,28.7792,3.75
38.6692,34.9566,32.2378,31.0618,30.1362,29.1704,3.85
40.7137,34.7339,32.1972,30.8805,30.1317,28.9797,3.95
38.3603,34.7559,31.9962,30.8570,29.9966,28.8771,4.05
39.7895,35.3246,32.4243,31.0961,30.1799,29.1167,4.15
40.5961,35.4821,32.7429,31.4061,30.4520,29.3496,4.25
37.9485,35.3762,32.5403,31.3097,30.4909,29.2919,4.35
40.3080,35.8526,32.5674,31.1662,30.2590,29.1359,4.45
-9999.0000,35.6375,32.6633,31.3838,30.5253,29.2399,4.55
-9999.0000,35.9735,33.1706,31.7982,30.7980,29.6285,4.65
-9999.0000,36.5956,33.3066,31.8349,30.8675,29.6497,4.75
-9999.0000,36.6574,32.9790,31.8057,30.7527,29.4959,4.85
42.6022,36.3455,33.0410,31.5947,30.5788,29.3789,4.95
38.2720,36.9274,33.3728,32.1337,30.9942,29.6992,5.05
-9999.0000,37.9203,33.6816,32.2896,31.1570,29.8878,5.15
-9999.0000,36.7598,33.8732,32.4085,31.1376,29.8516,5.25
44.4257,36.7780,33.5172,32.2134,30.9713,29.7266,5.35
-9999.0000,36.2583,33.6062,32.1553,31.0011,29.6781,5.45
-9999.0000,37.3955,33.8659,32.4261,31.2272,29.9267,5.55
-9999.0000,37.4231,34.1952,32.6710,31.4732,30.1170,5.65
-9999.0000,39.2397,34.3964,32.7999,31.5342,30.1919,5.75
-9999.0000,38.0302,34.5204,32.6958,31.4674,30.0966,5.85
-9999.0000,38.1598,34.1586,32.4719,31.4421,30.0359,5.95
-9999.0000,37.0420,34.3975,32.6282,31.5111,30.0774,6.05
-9999.0000,38.3592,34.3957,33.0852,31.7950,30.2725,6.15
-9999.0000,40.1227,34.8705,33.2887,31.9358,30.5042,6.25
-9999.0000,38.6835,34.6090,33.2107,32.0302,30.4953,6.35
-9999.0000,-9999.0000,34.9432,33.2442,31.8984,30.5163,6.45
-9999.0000,38.8048,34.6805,33.4279,31.9495,30.4362,6.55
-9999.0000,39.8464,35.2387,33.1127,31.8940,30.3520,6.65
-9999.0000,38.6343,35.4578,33.2988,32.2165,30.6268,6.75
-9999.0000,-9999.0000,35.0776,33.7753,32.6734,30.7762,6.85
-9999.0000,42.2142,35.7507,33.9499,32.6840,30.8759,6.95
-9999.0000,44.2639,35.3308,33.7351,32.4338,30.8739,7.05
-9999.0000,40.0685,35.7720,33.8566,32.3443,30.8554,7.15
-9999.0000,38.3154,35.7194,33.9254,32.3325,30.8306,7.25
-9999.0000,39.5554,35.8656,33.8773,32.4820,30.7218,7.35
-9999.0000,-9999.0000,35.6588,34.1548,32.6409,31.0707,7.45
-9999.0000,39.7858,36.8752,34.3792,32.6628,31.1842,7.55
-9999.0000,38.8754,36.9342,34.6072,33.0339,31.4038,7.65
-9999.0000,44.7105,36.6524,34.1420,32.9123,31.4365,7.75
-9999.0000,39.6502,36.5782,34.6474,33.1903,31.3919,7.85
-9999.0000,40.3512,35.8557,34.7338,33.0319,31.3284,7.95
-9999.0000,40.8445,36.1938,34.2015,33.3540,31.3969,8.05
-9999.0000,-9999.0000,36.5991,34.7057,33.2960,31.3591,8.15
-9999.0000,47.1706,36.5432,34.6566,33.2077,31.6773,8.25
-9999.0000,-9999.0000,36.9022,34.7995,33.8181,31.8130,8.35
-9999.0000,-9999.0000,36.2487,35.9163,33.6744,31.8079,8.45
-9999.0000,39.3619,36.8710,35.5081,33.5916,31.7529,8.55
-9999.0000,40.5634,38.4449,35.0984,33.5083,31.8481,8.65
-9999.0000,-9999.0000,37.7471,35.4395,34.0709,32.0640,8.75
-9999.0000,-9999.0000,-9999.0000,35.2703,33.6173,31.7660,8.85
-9999.0000,-9999.0000,37.1856,35.0498,33.9086,31.9788,8.95
