u,g,r,i,z,y,time
28.2344,27.6923,27.7051,27.6358,27.6760,28.0387,0.05
28.5095,27.8673,27.2313,27.0703,27.1212,27.2757,0.15
28.9165,27.7604,27.0862,26.8074,26.8645,26.9301,0.25
29.0987,27.8808,26.8964,26.5926,26.5046,26.5425,0.35
29.4607,27.9262,26.8467,26.3712,26.4002,26.3034,0.45
29.4269,27.9333,26.8967,26.2529,26.2065,26.2080,0.55
29.6324,27.8567,26.9099,26.1613,26.0505,26.0452,0.65
29.6400,27.9812,27.0155,26.0984,25.9440,25.9301,0.75
29.9381,28.0285,27.0389,26.1074,25.9143,25.8028,0.85
29.9457,28.1391,27.1720,26.0504,25.7315,25.7631,0.95
29.9028,28.1223,27.2075,25.9711,25.6617,25.6281,1.05
29.8206,28.0912,27.2121,25.9995,25.6582,25.6343,1.15
30.2437,28.1216,27.2544,25.9832,25.5625,25.5747,1.25
30.1328,28.3251,27.3640,25.9543,25.4643,25.5729,1.35
29.9418,28.2190,27.2753,25.9845,25.4788,25.4769,1.45
30.2782,28.2704,27.3400,25.9805,25.4507,25.4823,1.55
30.5312,28.3379,27.3688,26.0030,25.4041,25.4403,1.65
30.7100,28.3152,27.3121,25.9700,25.3889,25.3866,1.75
30.8042,28.6243,27.5114,26.0847,25.4309,25.3967,1.85
30.7310,28.5530,27.3543,26.0117,25.3358,25.3457,1.95
31.1249,28.6493,27.3925,26.1100,25.4221,25.4087,2.05
31.0540,28.5582,27.4075,26.0619,25.2931,25.3524,2.15
31.3308,28.8099,27.5762,26.2256,25.4363,25.3835,2.25
31.3857,28.7394,27.3972,26.0822,25.3379,25.3037,2.35
31.5076,29.0057,27.7074,26.2640,25.4272,25.4013,2.45
32.4433,29.0073,27.6176,26.1874,25.3557,25.3438,2.55
32.1260,29.0190,27.6028,26.2437,25.3906,25.3192,2.65
32.0567,29.1916,27.8058,26.3364,25.4990,25.4231,2.75
32.1938,29.1052,27.6209,26.2141,25.3235,25.3056,2.85
32.2645,29.2232,27.9407,26.3956,25.5104,25.4302,2.95
32.5887,29.5688,27.8922,26.4384,25.5156,25.4698,3.05
32.5540,29.5182,27.7500,26.2650,25.4128,25.3395,3.15
32.7250,29.5339,28.0227,26.5227,25.5641,25.4630,3.25
32.9104,29.7107,28.0658,26.6500,25.6754,25.5319,3.35
32.4098,29.5898,27.9501,26.4233,25.5295,25.4349,3.45
32.5931,29.5740,28.0345,26.4734,25.5291,25.4020,3.55
33.6497,30.3673,28.3425,26.7694,25.7124,25.6548,3.65
33.4173,30.0578,28.3580,26.7379,25.7461,25.5649,3.75
33.7851,29.9955,28.1857,26.6084,25.6591,25.4187,3.85
34.6867,30.2448,28.4892,26.7752,25.7512,25.5889,3.95
33.9233,30.4506,28.5895,26.9136,25.9174,25.6471,4.05
33.6221,30.3204,28.4843,26.8483,25.8677,25.6080,4.15
34.6756,30.5313,28.5231,26.8373,25.7609,25.5709,4.25
34.9599,30.5727,28.7411,26.8936,25.8765,25.6466,4.35
38.5135,30.7864,28.9287,27.0378,26.0258,25.8035,4.45
33.3511,30.7513,28.9060,27.1562,26.0219,25.7776,4.55
35.3488,30.6272,28.7482,26.9753,25.9338,25.6390,4.65
36.5589,30.8127,28.9563,26.9473,25.9178,25.6241,4.75
-9999.0000,31.1663,29.0904,27.2050,26.1243,25.8126,4.85
37.0971,31.3513,29.2207,27.3616,26.2144,25.9211,4.95
38.2242,31.2886,29.2705,27.3259,26.1794,25.8467,5.05
34.3181,31.0186,29.0734,27.1861,26.0501,25.7800,5.15
34.1728,31.4574,29.3218,27.2496,26.0674,25.8122,5.25
-9999.0000,31.5903,29.6551,27.4676,26.2400,25.9165,5.35
34.6524,31.9484,29.5908,27.6380,26.3311,25.9783,5.45
35.4625,31.8335,29.5430,27.5086,26.2849,26.0476,5.55
-9999.0000,31.4419,29.4291,27.4554,26.2150,25.8762,5.65
34.6681,31.5510,29.4435,27.4843,26.2522,25.8884,5.75
-9999.0000,31.9957,29.7801,27.6010,26.3395,25.9778,5.85
35.0006,32.0950,29.9752,27.7861,26.5293,26.1267,5.95
-9999.0000,32.3752,29.8734,27.7969,26.5038,26.0668,6.05
-9999.0000,32.1526,29.8535,27.7642,26.4481,26.1128,6.15
35.2122,32.1133,29.7014,27.7246,26.4818,26.0406,6.25
35.1559,32.1233,29.8844,27.7748,26.4257,26.0608,6.35
36.5411,32.3481,30.2070,27.9687,26.5832,26.1364,6.45
35.7635,32.8615,30.2870,28.0775,26.6793,26.2269,6.55
-9999.0000,33.1335,30.2929,28.0630,26.7403,26.2722,6.65
-9999.0000,32.7827,30.3362,28.0242,26.7499,26.2652,6.75
37.5574,32.4913,30.2388,28.0626,26.7202,26.2413,6.85
40.8452,32.7481,30.4182,27.9881,26.5930,26.2359,6.95
-9999.0000,32.9599,30.1858,28.1416,26.6742,26.2721,7.05
-9999.0000,33.7227,30.5209,28.3501,26.8312,26.3206,7.15
-9999.0000,34.1060,30.7024,28.2730,26.8411,26.4505,7.25
38.6549,32.9821,30.8607,28.4395,26.9967,26.4854,7.35
-9999.0000,32.6145,30.8654,28.5079,26.9457,26.4806,7.45
36.0459,33.6360,30.8755,28.3509,26.9891,26.4381,7.55
37.6391,33.5497,30.8674,28.3607,26.9998,26.3847,7.65
36.8928,33.9551,30.7947,28.5081,27.0416,26.4556,7.75
-9999.0000,34.1345,31.0520,28.6104,26.9946,26.5590,7.85
-9999.0000,34.2153,31.0771,28.7356,27.1466,26.6267,7.95
-9999.0000,33.7833,31.4403,28.7702,27.2215,26.6524,8.05
-9999.0000,34.9055,31.2891,28.7585,27.2944,26.6510,8.15
-9999.0000,34.5088,31.1953,28.7865,27.3709,26.7332,8.25
-9999.0000,34.2720,31.4365,28.8199,27.3064,26.7998,8.35
36.1007,33.2467,31.0581,28.8344,27.3420,26.6524,8.45
-9999.0000,34.4095,31.4873,28.8522,27.3287,26.7101,8.55
-9999.0000,35.2513,31.8209,28.9962,27.3963,26.8298,8.65
-9999.0000,34.2338,31.9753,29.0678,27.5204,26.9067,8.75
-9999.0000,35.9185,31.6504,29.1435,27.5912,26.9287,8.85
-9999.0000,35.6029,31.8209,29.2732,27.6000,26.9732,8.95
