u,g,r,i,z,y,time
20.8583,19.1622,19.2904,19.7553,20.3033,20.8111,0.05
21.0757,19.0676,19.1644,19.7330,20.3453,20.9580,0.15
21.6552,19.5575,19.1944,19.8858,20.5178,21.1889,0.25
22.0902,20.0880,19.0699,19.6463,20.1816,20.8523,0.35
22.4572,20.4733,19.1234,19.3833,19.7630,20.3711,0.45
22.7621,20.7903,19.3110,19.3369,19.5980,20.0341,0.55
23.0086,21.0270,19.5289,19.4520,19.6554,19.9170,0.65
23.2129,21.2214,19.7391,19.6531,19.8624,19.9840,0.75
23.3619,21.3909,19.9222,19.8876,20.1458,20.1959,0.85
23.5162,21.5281,20.0828,20.1052,20.4236,20.5020,0.95
23.6639,21.6366,20.2260,20.3014,20.6385,20.7996,1.05
23.7572,21.7313,20.3401,20.4653,20.8026,21.0263,1.15
23.8392,21.8246,20.4593,20.6094,20.9344,21.2301,1.25
23.9441,21.9063,20.5622,20.7319,21.0788,21.4070,1.35
24.0375,21.9775,20.6603,20.8548,21.2410,21.5911,1.45
24.0871,22.0709,20.7526,20.9617,21.3621,21.8103,1.55
24.1265,22.1193,20.8250,21.0774,21.5459,21.9883,1.65
24.2002,22.1827,20.9155,21.1748,21.6714,22.1553,1.75
24.2358,22.2451,21.0030,21.2582,21.8063,22.3643,1.85
24.3009,22.2977,21.0643,21.3590,21.9277,22.4923,1.95
24.3469,22.3601,21.1436,21.4434,22.0565,22.6376,2.05
24.4247,22.4174,21.2168,21.5382,22.1398,22.7777,2.15
24.4472,22.4544,21.2882,21.6368,22.2820,22.9149,2.25
24.4714,22.5091,21.3712,21.7166,22.4076,23.0171,2.35
24.5497,22.5523,21.4382,21.7935,22.4967,23.1268,2.45
24.5710,22.5959,21.5002,21.8909,22.5629,23.2481,2.55
24.6057,22.6546,21.5640,21.9756,22.6577,23.3475,2.65
24.6995,22.6999,21.6227,22.0362,22.7488,23.3977,2.75
24.7215,22.7408,21.6883,22.1236,22.8753,23.5367,2.85
24.7496,22.7864,21.7399,22.1854,22.9227,23.5699,2.95
24.8034,22.8300,21.8024,22.2688,22.9990,23.6417,3.05
24.8194,22.8948,21.8724,22.3466,23.0510,23.7045,3.15
24.8215,22.9471,21.9211,22.4316,23.1393,23.8043,3.25
24.9191,22.9835,21.9827,22.4678,23.2170,23.9017,3.35
24.9429,23.0254,22.0338,22.5484,23.2483,23.9534,3.45
24.9880,23.0825,22.0872,22.6286,23.3146,23.9907,3.55
24.9904,23.1225,22.1485,22.6845,23.3839,24.0637,3.65
24.9890,23.1698,22.1902,22.7243,23.4550,24.0476,3.75
25.0493,23.2079,22.2740,22.7935,23.5004,24.1574,3.85
25.1117,23.2375,22.2962,22.8677,23.5681,24.2253,3.95
25.1062,23.3080,22.3606,22.9254,23.5617,24.2597,4.05
25.1492,23.3497,22.4024,22.9701,23.6685,24.3184,4.15
25.2203,23.3985,22.4638,23.0178,23.7210,24.3423,4.25
25.2002,23.4525,22.5102,23.0716,23.7373,24.3829,4.35
25.2831,23.5003,22.5460,23.1417,23.8032,24.4981,4.45
25.3148,23.5583,22.5943,23.1851,23.8510,24.5298,4.55
25.3320,23.5964,22.6745,23.2551,23.8689,24.5576,4.65
25.3647,23.6208,22.6955,23.2833,23.8925,24.5968,4.75
25.3782,23.6743,22.7537,23.3565,23.9819,24.5363,4.85
25.3794,23.7444,22.7962,23.4057,24.0021,24.6695,4.95
25.4569,23.7588,22.8508,23.4380,24.0687,24.6706,5.05
25.4469,23.8163,22.8774,23.4816,24.0914,24.7325,5.15
25.5320,23.8751,22.9366,23.5296,24.1281,24.8040,5.25
25.4586,23.9037,22.9765,23.5897,24.1380,24.8691,5.35
25.5424,23.9409,23.0351,23.6296,24.2026,24.8217,5.45
25.6016,23.9815,23.0682,23.6736,24.2414,24.8394,5.55
25.6134,24.0500,23.1196,23.7300,24.2629,24.8945,5.65
25.6451,24.0780,23.1498,23.7466,24.3303,24.8817,5.75
25.6700,24.1169,23.1973,23.7781,24.3932,24.9348,5.85
25.6848,24.1395,23.2543,23.8781,24.3875,25.0181,5.95
25.7498,24.1967,23.2952,23.8717,24.4508,25.0527,6.05
25.7974,24.2560,23.3488,23.9197,24.4881,25.0252,6.15
25.8115,24.2863,23.3743,24.0076,24.4890,25.0933,6.25
25.8560,24.3370,23.4042,24.0056,24.4922,25.1351,6.35
25.9053,24.3867,23.4608,24.0239,24.5436,25.2142,6.45
25.9289,24.4123,23.5060,24.0806,24.5489,25.1842,6.55
25.9007,24.4258,23.5471,24.1343,24.6289,25.2475,6.65
25.9817,24.4873,23.5805,24.1597,24.6576,25.2976,6.75
26.0399,24.5300,23.6286,24.1980,24.6539,25.2692,6.85
26.0546,24.5366,23.6546,24.2393,24.7104,25.2985,6.95
26.1394,24.6257,23.7181,24.2647,24.7742,25.2665,7.05
26.1144,24.6641,23.7527,24.3093,24.8029,25.4098,7.15
26.1863,24.6548,23.7883,24.3700,24.7801,25.4141,7.25
26.2325,24.7074,23.8269,24.3848,24.8764,25.3992,7.35
26.2364,24.7522,23.8361,24.4140,24.8312,25.4529,7.45
26.3199,24.7787,23.8962,24.4438,24.8870,25.4710,7.55
26.3413,24.8347,23.9351,24.4937,24.9077,25.5041,7.65
26.3845,24.8538,23.9586,24.5228,24.9229,25.5599,7.75
26.4654,24.9221,23.9971,24.5391,24.9768,25.5915,7.85
26.4917,24.9123,24.0426,24.6129,25.0495,25.5589,7.95
26.5226,24.9432,24.0763,24.6485,25.0616,25.5855,8.05
26.5757,25.0223,24.1171,24.6700,25.0972,25.5898,8.15
26.6497,25.0293,24.1664,24.6707,25.0657,25.6338,8.25
26.6616,25.0731,24.1918,24.7267,25.1367,25.6407,8.35
26.7427,25.1246,24.2034,24.7293,25.1827,25.6995,8.45
26.8057,25.1482,24.2596,24.7811,25.1928,25.7148,8.55
26.9071,25.1993,24.2798,24.8056,25.1315,25.7979,8.65
26.9874,25.2149,24.3170,24.8494,25.2143,25.8381,8.75
27.0384,25.2521,24.3884,24.8813,25.2457,25.7688,8.85
27.0796,25.3014,24.3696,24.9217,25.2779,25.8085,8.95
