u,g,r,i,z,y,time
31.2845,30.8281,30.2227,30.0646,29.9374,29.9528,0.05
31.5014,30.5940,29.8978,29.5157,29.3727,29.3050,0.15
31.8773,30.5430,29.7709,29.1666,28.9505,28.8866,0.25
32.4033,30.6497,29.6553,28.9804,28.7152,28.5950,0.35
32.3497,30.6195,29.5829,28.7702,28.4286,28.3399,0.45
32.6670,30.6077,29.5091,28.6155,28.2012,28.1281,0.55
32.9242,30.7690,29.6006,28.6072,28.1721,28.0518,0.65
33.0851,30.6786,29.4823,28.5060,28.0740,27.9322,0.75
33.2823,30.7386,29.4938,28.5122,27.9461,27.7975,0.85
33.1716,30.7429,29.4786,28.5499,27.8886,27.6995,0.95
33.0957,30.8104,29.4826,28.6153,27.8644,27.6922,1.05
33.1379,30.8502,29.4659,28.6708,27.8230,27.5897,1.15
33.0429,30.8951,29.4783,28.7248,27.8188,27.5263,1.25
33.4501,30.9117,29.4821,28.7535,27.7606,27.4547,1.35
33.4700,31.1724,29.5723,28.9618,27.8615,27.5498,1.45
33.5362,31.1307,29.5637,28.9692,27.8213,27.4340,1.55
33.4521,31.1108,29.5238,28.9884,27.8069,27.4248,1.65
34.0456,31.3423,29.7776,29.2141,27.9609,27.4698,1.75
33.6419,31.2438,29.6087,29.0954,27.8864,27.3853,1.85
34.0474,31.4995,29.8694,29.2920,28.1298,27.5266,1.95
33.9799,31.4088,29.7934,29.1783,28.0317,27.3967,2.05
34.5358,31.8353,30.0185,29.4581,28.3229,27.5779,2.15
33.9531,31.6521,29.9185,29.2970,28.1932,27.4429,2.25
34.7084,32.1008,30.2050,29.5918,28.5078,27.6158,2.35
34.7678,31.8541,30.0715,29.4246,28.4230,27.5829,2.45
34.7215,32.0919,30.2935,29.6322,28.5909,27.6281,2.55
35.5846,32.4076,30.5230,29.7327,28.7231,27.7906,2.65
35.7867,32.2369,30.4429,29.6395,28.6471,27.6734,2.75
35.6376,32.7839,30.7350,30.0424,29.0279,27.9352,2.85
36.2235,32.8028,30.7623,29.9742,28.8959,27.9636,2.95
36.2545,32.8704,30.7372,29.8731,28.8427,27.8547,3.05
37.3551,33.2214,31.2926,30.3195,29.3033,28.2306,3.15
36.8029,33.3921,31.2687,30.2831,29.1710,28.2087,3.25
36.3801,33.3235,31.0878,30.0563,29.0613,28.0761,3.35
38.5808,33.8483,31.5063,30.5756,29.4608,28.4212,3.45
37.5866,34.0033,31.7682,30.6075,29.4299,28.4541,3.55
38.4370,33.9299,31.5174,30.4591,29.3032,28.3432,3.65
37.3471,34.2538,31.7285,30.6411,29.4463,28.4404,3.75
38.5024,34.5027,32.1674,31.0242,29.7977,28.7565,3.85
39.0940,34.5948,32.1728,30.8949,29.7680,28.6775,3.95
38.3432,34.5825,32.0009,30.7552,29.5988,28.5841,4.05
38.8366,34.6322,32.1712,31.0742,29.8511,28.7359,4.15
41.6648,35.3891,32.5547,31.3554,30.0535,29.0318,4.25
37.5301,35.1992,32.7310,31.3642,30.0830,28.9474,4.35
38.5220,34.9285,32.6635,31.3126,30.0219,28.8851,4.45
39.0458,35.4238,32.5970,31.3138,30.0704,28.9002,4.55
38.9175,35.8208,33.0454,31.6821,30.4162,29.2616,4.65
-9999.0000,35.6115,33.0732,31.8191,30.4425,29.2418,4.75
37.8568,35.8829,33.2398,31.6695,30.2151,29.1485,4.85
-9999.0000,35.6008,33.0514,31.6101,30.3034,29.0801,4.95
-9999.0000,36.6266,33.3097,31.9027,30.4773,29.2523,5.05
-9999.0000,37.0650,33.7853,32.0992,30.7629,29.5302,5.15
43.3843,36.4173,33.5422,32.1901,30.7737,29.5503,5.25
-9999.0000,36.6529,33.5646,31.9604,30.6481,29.4423,5.35
38.6487,36.5209,33.5953,31.9392,30.5757,29.4066,5.45
-9999.0000,36.5382,33.6868,32.2184,30.7861,29.4848,5.55
-9999.0000,37.3346,34.3955,32.5532,31.0877,29.7959,5.65
-9999.0000,37.6653,34.4707,32.7018,31.1469,29.8597,5.75
-9999.0000,37.5337,34.1272,32.5291,31.0757,29.8302,5.85
-9999.0000,36.9987,33.8743,32.6351,31.0125,29.8350,5.95
-9999.0000,36.8432,34.2708,32.7330,31.0054,29.7584,6.05
-9999.0000,37.7485,34.5027,32.8626,31.3553,29.9379,6.15
-9999.0000,37.9854,35.1594,33.2606,31.5190,30.2024,6.25
-9999.0000,38.6080,34.8753,33.1989,31.5555,30.2137,6.35
41.1575,38.6586,34.9473,33.3282,31.5694,30.2061,6.45
-9999.0000,38.2146,34.9265,33.0742,31.4721,30.2371,6.55
-9999.0000,38.4739,34.9762,33.2111,31.5382,30.1319,6.65
-9999.0000,37.8091,35.3184,33.5121,31.6693,30.3141,6.75
-9999.0000,38.3420,35.4803,33.7510,31.8606,30.5320,6.85
-9999.0000,-9999.0000,35.6271,33.7409,32.0106,30.6504,6.95
-9999.0000,-9999.0000,35.6597,33.8609,32.0996,30.6294,7.05
-9999.0000,-9999.0000,35.4889,33.7784,32.0057,30.6566,7.15
-9999.0000,38.6625,35.4164,33.8392,32.0592,30.5917,7.25
-9999.0000,40.1389,35.9677,33.8460,32.0942,30.6571,7.35
-9999.0000,38.8108,36.7017,33.8961,32.4371,30.7917,7.45
-9999.0000,40.0634,35.6391,34.2286,32.3705,31.0580,7.55
-9999.0000,-9999.0000,36.1400,34.6756,32.6224,31.0940,7.65
-9999.0000,45.8402,36.4567,34.8450,32.6701,31.2409,7.75
-9999.0000,42.5020,36.3849,34.5353,32.7117,31.2294,7.85
-9999.0000,-9999.0000,36.8506,34.9946,32.5448,31.3050,7.95
-9999.0000,39.9413,37.5699,34.3770,32.8341,31.1899,8.05
-9999.0000,-9999.0000,36.8861,34.8376,32.9346,31.2746,8.15
-9999.0000,-9999.0000,36.6878,35.2409,32.9137,31.4664,8.25
-9999.0000,38.9623,37.9978,34.7651,33.1766,31.5404,8.35
-9999.0000,38.9336,38.2041,34.7893,33.2706,31.7683,8.45
-9999.0000,-9999.0000,36.7530,35.1077,33.6083,31.8361,8.55
-9999.0000,-9999.0000,36.9706,34.9329,33.3776,31.7358,8.65
-9999.0000,-9999.0000,38.2155,35.5008,33.3746,31.8657,8.75
-9999.0000,-9999.0000,36.7925,35.5134,33.4153,31.8138,8.85
-9999.0000,52.6283,37.4252,35.5408,33.5006,31.7577,8.95
