u,g,r,i,z,y,time
22.3985,22.0083,21.7485,21.7453,21.8441,21.6996,0.05
22.3387,21.5687,21.0854,21.0453,21.2079,20.8712,0.15
22.3951,21.3529,20.6738,20.6791,20.6048,20.4299,0.25
22.4242,21.2938,20.4355,20.4460,20.2385,20.0595,0.35
22.4717,21.3765,20.3345,20.2289,20.0750,19.8157,0.45
22.5756,21.4027,20.2321,20.0400,19.8212,19.5461,0.55
22.5222,21.4049,20.1224,19.8962,19.6965,19.4047,0.65
22.6748,21.4857,20.0737,19.7718,19.4923,19.2385,0.75
22.6763,21.5319,20.0687,19.7399,19.3981,19.0917,0.85
22.8629,21.6222,20.0490,19.6583,19.2741,18.9987,0.95
22.8635,21.6305,20.0856,19.6320,19.2278,18.8717,1.05
23.0707,21.6980,20.1129,19.5784,19.1555,18.8164,1.15
23.1535,21.7730,20.1088,19.5439,19.1012,18.7217,1.25
23.1955,21.8751,20.1903,19.5539,19.0234,18.6585,1.35
23.3441,21.8611,20.2053,19.4944,19.0199,18.6181,1.45
23.3086,21.8927,20.2374,19.4795,18.9909,18.5383,1.55
23.7573,22.1049,20.3765,19.5213,18.9797,18.5085,1.65
23.5815,22.0205,20.3248,19.5313,18.9729,18.5025,1.75
23.8614,22.2392,20.5039,19.5815,18.9816,18.4558,1.85
23.7839,22.2080,20.5142,19.5544,19.0218,18.4655,1.95
24.2043,22.5316,20.6981,19.6438,19.0260,18.4117,2.05
24.1695,22.3676,20.5967,19.6274,19.0160,18.4530,2.15
24.6339,22.7616,20.8748,19.7551,19.0556,18.4170,2.25
24.4218,22.5731,20.7155,19.6899,19.0781,18.4253,2.35
24.7582,22.9135,21.0040,19.9065,19.1637,18.4703,2.45
25.0011,22.9526,20.9583,19.8730,19.1667,18.4778,2.55
24.8530,22.9822,21.0119,19.8521,19.2101,18.5030,2.65
25.5282,23.2655,21.2121,20.0688,19.3397,18.5505,2.75
25.4776,23.2528,21.0876,20.0055,19.3087,18.5486,2.85
25.5072,23.5384,21.2847,20.1274,19.3690,18.5952,2.95
25.8158,23.6082,21.4219,20.2379,19.4738,18.6808,3.05
25.7314,23.6726,21.3366,20.1448,19.3946,18.6625,3.15
26.1080,23.8780,21.5300,20.2565,19.4700,18.6679,3.25
26.1843,24.0585,21.7070,20.4196,19.5801,18.8102,3.35
26.4488,24.0747,21.5999,20.3675,19.5344,18.7946,3.45
26.2797,24.1273,21.6329,20.3612,19.5160,18.7368,3.55
26.1260,24.2861,21.8812,20.5325,19.6158,18.8048,3.65
27.1707,24.4332,21.9125,20.5260,19.6955,18.9122,3.75
26.4397,24.3768,21.8591,20.4387,19.5843,18.8962,3.85
28.0126,24.6607,21.9746,20.5480,19.5880,18.8582,3.95
26.7805,24.7430,22.1499,20.6862,19.7322,18.9130,4.05
27.7023,24.7960,22.2018,20.7320,19.7759,19.0206,4.15
27.0930,24.6683,22.1127,20.6757,19.7106,18.9920,4.25
27.6257,24.8944,22.2221,20.7505,19.7193,18.9705,4.35
28.1835,25.1609,22.3945,20.8891,19.8004,18.9965,4.45
28.7977,25.0039,22.5316,20.9243,19.9133,19.1115,4.55
28.2507,25.4108,22.4258,20.9115,19.8882,19.1331,4.65
28.3799,25.2967,22.4338,20.8723,19.8737,19.1085,4.75
29.5828,25.6051,22.6588,21.0651,19.9060,19.0694,4.85
29.1324,25.5651,22.7421,21.1385,19.9778,19.1483,4.95
28.7611,25.6151,22.7443,21.2076,20.0857,19.2510,5.05
28.0345,25.7557,22.7586,21.1652,20.0733,19.2827,5.15
28.0921,25.9111,22.8216,21.2316,20.0243,19.2576,5.25
28.5655,26.0173,23.0808,21.3363,20.1266,19.2334,5.35
29.5494,26.0400,23.1369,21.4629,20.1517,19.3081,5.45
30.4805,26.1938,23.0316,21.4773,20.2529,19.4015,5.55
29.7070,26.3178,23.1632,21.4742,20.2682,19.4564,5.65
29.2886,26.6190,23.1399,21.5189,20.2852,19.4610,5.75
29.2585,26.5450,23.4048,21.5773,20.3028,19.4339,5.85
28.7555,26.6861,23.5048,21.6931,20.3203,19.4320,5.95
32.6403,26.9182,23.5959,21.7926,20.4458,19.5254,6.05
30.2085,26.6940,23.7219,21.8529,20.5354,19.6156,6.15
31.3706,27.0423,23.6323,21.8533,20.5687,19.6822,6.25
31.2073,27.3526,23.7030,21.8509,20.4946,19.6621,6.35
31.5304,27.1550,23.7691,21.8931,20.5899,19.6697,6.45
-9999.0000,27.7269,23.9159,22.0869,20.5974,19.6929,6.55
-9999.0000,27.9967,23.9142,22.1303,20.7190,19.6987,6.65
-9999.0000,27.6044,24.1111,22.1696,20.7857,19.7858,6.75
-9999.0000,27.4414,24.1064,22.2438,20.8490,19.8734,6.85
31.2056,27.0379,24.2681,22.2194,20.8077,19.9010,6.95
36.4909,27.5393,24.1079,22.2361,20.8524,19.9063,7.05
-9999.0000,27.7055,24.1532,22.3807,20.8470,19.8606,7.15
-9999.0000,28.8435,24.5582,22.4688,20.8872,19.8924,7.25
-9999.0000,28.1583,24.6133,22.5759,21.0025,19.9343,7.35
-9999.0000,28.2108,24.4944,22.6231,21.0640,20.0478,7.45
-9999.0000,29.3488,24.6713,22.5788,21.1099,20.1443,7.55
-9999.0000,28.3716,24.6940,22.6414,21.1353,20.1562,7.65
-9999.0000,28.6051,24.6554,22.7686,21.1499,20.1335,7.75
-9999.0000,28.9264,24.8665,22.8013,21.1495,20.1296,7.85
-9999.0000,28.1753,25.0511,22.8983,21.2102,20.1258,7.95
-9999.0000,29.6345,25.1642,22.9452,21.2311,20.1851,8.05
-9999.0000,28.4111,25.0658,22.9779,21.3324,20.2226,8.15
34.1816,29.5124,25.0006,23.0157,21.3931,20.3142,8.25
-9999.0000,29.5006,24.9640,22.9635,21.3776,20.3676,8.35
-9999.0000,28.3539,25.3112,23.0493,21.4091,20.4112,8.45
-9999.0000,29.9053,25.1569,23.1620,21.4504,20.3922,8.55
-9999.0000,31.5237,25.3006,23.1402,21.4552,20.3172,8.65
-9999.0000,29.0972,25.4005,23.2062,21.3958,20.3213,8.75
-9999.0000,30.5956,25.4467,23.2048,21.4546,20.3940,8.85
-9999.0000,30.0022,25.4151,23.4506,21.6680,20.3830,8.95
