u,g,r,i,z,y,time
29.9378,29.7376,29.3662,29.5015,29.4487,29.4112,0.05
29.5859,29.0329,28.5698,28.7096,28.6966,28.6800,0.15
29.4003,28.7138,28.0849,28.2022,28.1806,28.1716,0.25
29.5422,28.6562,27.9168,27.9136,27.8686,27.8644,0.35
29.4801,28.5264,27.7488,27.6415,27.5515,27.5263,0.45
29.5238,28.4646,27.5581,27.4448,27.3762,27.3189,0.55
29.6881,28.5377,27.5921,27.3846,27.2312,27.1746,0.65
29.7723,28.4760,27.4893,27.2007,27.1169,27.0540,0.75
29.8820,28.4817,27.4178,27.0815,26.9772,26.9131,0.85
30.1353,28.5427,27.4326,26.9935,26.8800,26.7833,0.95
30.3454,28.5909,27.4069,26.9150,26.7530,26.6972,1.05
30.4329,28.6477,27.3977,26.8601,26.6457,26.5712,1.15
30.5509,28.6423,27.3870,26.7603,26.5602,26.4789,1.25
30.6847,28.6283,27.3694,26.7245,26.5060,26.4305,1.35
30.9079,28.8573,27.5436,26.7723,26.5064,26.4079,1.45
31.0013,28.8765,27.4991,26.6529,26.3728,26.2480,1.55
31.0821,28.8623,27.4672,26.6283,26.3390,26.2425,1.65
31.4824,29.1103,27.7047,26.7270,26.2934,26.1903,1.75
31.3553,28.9356,27.5434,26.5819,26.2024,26.1084,1.85
31.6112,29.2511,27.7942,26.7588,26.2711,26.1536,1.95
31.5627,29.1001,27.6461,26.5993,26.1334,26.0540,2.05
31.8699,29.3856,27.9294,26.7956,26.2004,26.0880,2.15
31.5779,29.2291,27.7385,26.6534,26.1147,25.9887,2.25
32.0354,29.6587,28.0041,26.8287,26.1289,25.9747,2.35
31.9439,29.4718,27.8810,26.7393,26.1406,25.9933,2.45
32.2885,29.6778,28.0023,26.7994,26.0584,25.9120,2.55
32.2754,29.8430,28.1459,26.9807,26.2002,26.0102,2.65
32.2931,29.6607,27.9830,26.7822,26.0837,25.9050,2.75
32.6479,30.0452,28.3023,27.0159,26.1009,25.8971,2.85
32.6581,29.9282,28.2274,27.0357,26.1997,25.9916,2.95
32.5383,29.9025,28.1276,26.9114,26.0979,25.8617,3.05
33.1335,30.2656,28.4539,27.1716,26.1925,25.8760,3.15
32.8686,30.1947,28.3987,27.1811,26.2846,25.9710,3.25
32.5970,30.0853,28.2602,27.0604,26.1419,25.8658,3.35
33.1764,30.4005,28.5507,27.2861,26.2511,25.8601,3.45
33.0497,30.4353,28.5684,27.4065,26.3844,25.9896,3.55
33.1705,30.3071,28.4079,27.2729,26.2936,25.9198,3.65
33.0708,30.3124,28.5398,27.3185,26.3133,25.8657,3.75
33.5556,30.5732,28.7177,27.5810,26.4893,25.9407,3.85
33.4295,30.4969,28.6755,27.5304,26.5885,26.0117,3.95
32.9761,30.3699,28.4971,27.3874,26.4569,25.9520,4.05
33.5693,30.6243,28.6913,27.5401,26.5444,25.8808,4.15
33.6988,30.6385,28.8088,27.7331,26.7789,26.0051,4.25
33.6666,30.7206,28.7565,27.7178,26.8156,26.0761,4.35
33.5809,30.4672,28.6417,27.6254,26.7209,26.0235,4.45
33.5904,30.7233,28.7319,27.6602,26.8438,25.9807,4.55
33.6684,30.9061,28.9304,27.9580,27.1284,26.0650,4.65
34.0378,30.9200,28.9278,27.9706,27.2474,26.1838,4.75
33.8988,30.7834,28.8079,27.8881,27.2074,26.1894,4.85
34.0941,30.8523,28.7486,27.8521,27.1330,26.0877,4.95
34.3563,31.0932,28.9953,28.0892,27.4043,26.1532,5.05
34.1059,31.1215,29.1334,28.3423,27.6971,26.2816,5.15
34.3017,31.1893,29.0838,28.3341,27.6581,26.3787,5.25
33.8462,31.1734,29.0378,28.2414,27.6045,26.3382,5.35
34.1391,31.1693,28.9873,28.1888,27.5621,26.2771,5.45
34.3422,31.3249,29.2023,28.4028,27.8235,26.3375,5.55
34.6985,31.7976,29.4402,28.6587,28.0726,26.5015,5.65
35.1226,31.7970,29.4369,28.6974,28.0866,26.6142,5.75
34.6706,31.7143,29.4146,28.6574,28.0618,26.6285,5.85
35.2459,31.6046,29.2696,28.5276,27.9924,26.5564,5.95
34.9127,31.7935,29.3836,28.5711,27.9841,26.5660,6.05
35.8829,32.2372,29.6706,28.8737,28.3132,26.7847,6.15
35.3534,32.3019,29.8105,29.0497,28.4107,26.9655,6.25
35.7299,32.2461,29.8347,29.1162,28.4546,27.0461,6.35
35.9149,32.3632,29.8025,29.0144,28.4047,27.0072,6.45
35.9202,32.4240,29.7512,28.9888,28.3765,26.9760,6.55
35.8854,32.2102,29.7551,29.0135,28.3670,26.9659,6.65
35.7599,32.6235,30.0304,29.3122,28.6380,27.1949,6.75
36.9861,32.8405,30.3142,29.5004,28.8387,27.4405,6.85
37.1252,33.1146,30.4031,29.5543,28.9266,27.5774,6.95
37.5624,33.1448,30.5007,29.6893,28.8357,27.5803,7.05
36.5961,33.2646,30.3631,29.5837,28.8223,27.5195,7.15
36.3277,33.2406,30.4100,29.4928,28.7888,27.5352,7.25
37.3397,33.3950,30.3677,29.4821,28.8185,27.5374,7.35
39.1105,33.6988,30.7505,29.8810,29.0904,27.7051,7.45
40.3842,33.7885,30.9481,30.0210,29.2898,27.9464,7.55
38.4116,33.9153,31.1358,30.1893,29.3745,28.0594,7.65
42.2680,34.1284,31.0468,30.2007,29.3531,28.0791,7.75
37.3054,33.9217,31.1936,30.1246,29.3237,28.0521,7.85
37.1676,34.0133,31.0810,30.1612,29.2471,28.0110,7.95
37.6339,34.0980,31.1440,30.1797,29.3142,28.0249,8.05
38.5589,34.3049,31.2686,30.2786,29.5026,28.0828,8.15
40.1885,35.1088,31.6424,30.7868,29.7145,28.2402,8.25
-9999.0000,35.0537,31.7874,30.7303,29.8069,28.4427,8.35
-9999.0000,35.0655,32.0093,30.8229,30.0441,28.5520,8.45
-9999.0000,35.3180,32.0531,30.8227,30.0561,28.5218,8.55
-9999.0000,35.2742,31.8367,30.8750,29.8998,28.5574,8.65
-9999.0000,35.3108,32.0880,30.8172,29.8492,28.5555,8.75
-9999.0000,35.1153,31.8577,30.8874,29.8827,28.5146,8.85
-9999.0000,35.1049,32.1344,30.9771,30.0256,28.5430,8.95
