u,g,r,i,z,y,time
21.4463,19.8614,19.8693,20.1971,20.4569,20.7210,0.15
21.8297,19.7903,19.6067,19.8997,20.1638,20.4533,0.25
22.2093,19.8332,19.4563,19.6862,19.9620,20.2551,0.35
22.4682,19.9206,19.3721,19.5680,19.8213,20.1152,0.45
22.6594,20.0412,19.3113,19.4733,19.7018,19.9840,0.55
22.8774,20.1697,19.2898,19.3910,19.5649,19.8783,0.65
22.9789,20.3177,19.3020,19.3423,19.5019,19.7810,0.75
23.1234,20.4888,19.3282,19.3213,19.4073,19.7099,0.85
23.2581,20.6697,19.3682,19.3061,19.3773,19.6400,0.95
23.3750,20.8174,19.4086,19.3178,19.3329,19.6019,1.05
23.4696,20.9628,19.4556,19.3315,19.3089,19.5807,1.15
23.5216,21.1101,19.5288,19.3455,19.2939,19.5330,1.25
23.6465,21.2350,19.5999,19.3746,19.2714,19.5151,1.35
23.7785,21.3487,19.6820,19.4089,19.2783,19.4825,1.45
23.8914,21.4660,19.7726,19.4369,19.2645,19.4629,1.55
23.9810,21.5670,19.8636,19.4726,19.2771,19.4225,1.65
24.0286,21.6670,19.9744,19.5181,19.2935,19.4222,1.75
24.1240,21.7779,20.0773,19.5601,19.3123,19.4135,1.85
24.2369,21.8687,20.1699,19.6294,19.3481,19.4066,1.95
24.3317,21.9772,20.2770,19.6976,19.3730,19.4265,2.05
24.4492,22.0551,20.3891,19.7576,19.4014,19.4305,2.15
24.5310,22.1480,20.4781,19.8363,19.4313,19.4417,2.25
24.6569,22.2631,20.5577,19.9150,19.4799,19.4651,2.35
24.7316,22.3530,20.6463,19.9882,19.5214,19.4858,2.45
24.8970,22.4416,20.7293,20.0472,19.5360,19.4950,2.55
24.9419,22.5430,20.7793,20.1071,19.5854,19.5220,2.65
25.0058,22.6173,20.8585,20.1697,19.6039,19.5450,2.75
25.1783,22.7066,20.9382,20.2212,19.6481,19.5786,2.85
25.1933,22.7882,21.0008,20.2797,19.6981,19.5889,2.95
25.3676,22.8705,21.0529,20.3345,19.7397,19.6235,3.05
25.3842,22.9571,21.0942,20.3751,19.7769,19.6644,3.15
25.5884,22.9907,21.1765,20.4343,19.8155,19.7069,3.25
25.4707,23.0634,21.2245,20.4893,19.8567,19.7423,3.35
25.7883,23.1574,21.2771,20.5365,19.9067,19.7754,3.45
25.7911,23.2189,21.3423,20.5766,19.9495,19.8074,3.55
25.8068,23.2863,21.3841,20.6248,19.9871,19.8421,3.65
26.0295,23.3493,21.4300,20.6607,20.0313,19.8844,3.75
26.0183,23.3888,21.4978,20.7118,20.0946,19.9156,3.85
26.0222,23.4172,21.5224,20.7476,20.1188,19.9549,3.95
26.1828,23.4963,21.5604,20.7836,20.1627,19.9778,4.05
26.2248,23.5389,21.6303,20.8261,20.2096,20.0306,4.15
26.2638,23.5421,21.6443,20.8502,20.2498,20.0764,4.25
26.2724,23.6358,21.7264,20.8928,20.2919,20.1122,4.35
26.4737,23.6701,21.7520,20.9301,20.3319,20.1360,4.45
26.4436,23.7561,21.8064,20.9614,20.3823,20.1835,4.55
26.7288,23.7980,21.8304,21.0131,20.4128,20.2211,4.65
26.5898,23.8518,21.8878,21.0454,20.4378,20.2619,4.75
26.6124,23.8528,21.9115,21.0710,20.4837,20.3017,4.85
26.7058,23.9373,21.9806,21.1107,20.5137,20.3417,4.95
26.7366,23.9370,21.9923,21.1460,20.5585,20.3914,5.05
26.7971,23.9891,22.0191,21.1674,20.5699,20.4381,5.15
27.0412,24.0393,22.0567,21.2086,20.6271,20.4577,5.25
26.9775,24.0749,22.1172,21.2236,20.6596,20.5260,5.35
26.9807,24.1377,22.1448,21.2770,20.6978,20.5346,5.45
27.1049,24.1867,22.1667,21.3140,20.7546,20.5630,5.55
27.1099,24.2092,22.2200,21.3283,20.7675,20.6215,5.65
27.0926,24.2047,22.2389,21.3708,20.8069,20.6516,5.75
27.1899,24.2571,22.3248,21.3776,20.8255,20.6854,5.85
27.1581,24.3174,22.3070,21.4141,20.8918,20.7311,5.95
27.2801,24.3817,22.3597,21.4672,20.9324,20.7839,6.05
27.3368,24.3625,22.3991,21.4985,20.9464,20.8185,6.15
27.4736,24.4081,22.4171,21.5103,20.9664,20.8502,6.25
27.8504,24.4653,22.4423,21.5357,20.9887,20.8895,6.35
27.4587,24.4886,22.4837,21.5608,21.0436,20.9373,6.45
28.1065,24.5144,22.5189,21.6138,21.0781,20.9642,6.55
27.4275,24.5575,22.5656,21.6406,21.1005,20.9928,6.65
27.9161,24.5926,22.5845,21.6534,21.1215,21.0363,6.75
27.8936,24.6443,22.5987,21.6719,21.1603,21.0644,6.85
27.9297,24.6986,22.6497,21.7064,21.1874,21.1043,6.95
27.9875,24.6892,22.6720,21.7468,21.2159,21.1270,7.05
28.1334,24.7386,22.6855,21.7645,21.2713,21.1616,7.15
27.8408,24.7671,22.7226,21.7930,21.2730,21.1790,7.25
27.8731,24.8309,22.7694,21.8186,21.2975,21.2398,7.35
28.2320,24.8168,22.8087,21.8526,21.3545,21.2955,7.45
28.1298,24.8442,22.8216,21.8980,21.3582,21.3193,7.55
28.3127,24.9077,22.8854,21.9045,21.3977,21.3133,7.65
28.5428,24.9549,22.9074,21.9220,21.4254,21.3966,7.75
28.2294,24.9518,22.9084,21.9552,21.4575,21.4181,7.85
28.5695,24.9717,22.9358,21.9986,21.4948,21.4293,7.95
28.1647,25.0180,22.9739,21.9874,21.5287,21.4614,8.05
28.6386,25.0499,22.9958,22.0012,21.5590,21.5206,8.15
28.6517,25.1158,23.0720,22.0720,21.5622,21.5278,8.25
28.8050,25.1500,23.0648,22.0972,21.5802,21.5717,8.35
28.9217,25.1349,23.0817,22.1248,21.5956,21.6114,8.45
28.5900,25.2134,23.1566,22.1346,21.6661,21.6284,8.55
28.6547,25.2362,23.1157,22.1445,21.6699,21.6685,8.65
28.8986,25.2953,23.1911,22.1968,21.7022,21.6849,8.75
29.0419,25.2958,23.2337,22.2047,21.7361,21.7120,8.85
28.9118,25.3036,23.2341,22.2478,21.7535,21.7647,8.95
