u,g,r,i,z,y,time
20.9411,21.1566,21.5375,21.9049,22.2099,22.3917,0.05
20.1008,20.4366,20.9361,21.3262,21.5804,21.8190,0.15
19.8771,20.1532,20.6032,21.0378,21.3174,21.5259,0.25
19.8733,19.9911,20.3898,20.8036,21.1392,21.4542,0.35
19.9425,19.8841,20.2239,20.6270,21.0148,21.3983,0.45
20.0571,19.8654,20.1449,20.5174,20.9337,21.3761,0.55
20.1887,19.8927,20.1012,20.4462,20.8847,21.4421,0.65
20.3480,19.9460,20.0925,20.4245,20.8418,21.4493,0.75
20.5462,20.0249,20.0666,20.4107,20.8136,21.4525,0.85
20.8534,20.1786,20.0566,20.4215,20.8117,21.4296,0.95
21.2832,20.3998,20.0641,20.4398,20.7994,21.3753,1.05
21.7681,20.6633,20.0667,20.4718,20.7583,21.3041,1.15
22.2400,20.9330,20.0759,20.4706,20.7318,21.1670,1.25
22.7650,21.2466,20.1197,20.4897,20.7007,21.0121,1.35
23.2993,21.6464,20.2545,20.5272,20.6956,20.9029,1.45
23.5851,21.8744,20.3365,20.4924,20.6410,20.7492,1.55
23.9753,22.1539,20.5356,20.5174,20.6405,20.6308,1.65
24.3881,22.4330,20.7146,20.5601,20.6696,20.6388,1.75
24.4688,22.5356,20.8512,20.5703,20.6726,20.5874,1.85
24.7643,22.7777,21.0525,20.6483,20.7413,20.6471,1.95
24.8608,22.7965,21.1244,20.6789,20.7598,20.6216,2.05
25.1419,23.0553,21.3102,20.7757,20.8546,20.6995,2.15
25.1719,23.0564,21.3651,20.8220,20.8727,20.6970,2.25
25.4522,23.2577,21.4960,20.9288,21.0003,20.8034,2.35
25.4900,23.3711,21.6005,20.9710,21.0134,20.7981,2.45
25.7407,23.4521,21.6605,21.0346,21.0715,20.8326,2.55
25.8862,23.6896,21.8605,21.1755,21.1764,20.8976,2.65
25.9238,23.6813,21.8830,21.2006,21.1527,20.9025,2.75
26.2639,23.8364,21.9744,21.2972,21.2080,20.9821,2.85
26.4072,23.9546,22.1303,21.3956,21.2936,20.9943,2.95
26.4117,23.9074,22.1104,21.4229,21.3013,21.0137,3.05
26.4997,24.0535,22.1942,21.5027,21.3346,21.0859,3.15
26.5949,24.1190,22.3208,21.5817,21.3934,21.1184,3.25
26.5381,24.1493,22.3151,21.6096,21.3595,21.1359,3.35
26.7302,24.2040,22.3438,21.6414,21.4045,21.2053,3.45
27.0048,24.3110,22.4448,21.7169,21.4385,21.2425,3.55
26.9603,24.2806,22.4406,21.7150,21.4043,21.2846,3.65
27.0399,24.2782,22.4512,21.7745,21.4401,21.3632,3.75
27.1010,24.4019,22.5041,21.8293,21.4977,21.4448,3.85
27.4305,24.4926,22.5700,21.8583,21.5157,21.4614,3.95
27.0948,24.4198,22.5407,21.8619,21.4975,21.5275,4.05
27.2148,24.4295,22.5445,21.9130,21.5152,21.6443,4.15
27.4062,24.5464,22.5984,21.9522,21.5753,21.6806,4.25
27.3198,24.6067,22.6544,21.9802,21.5649,21.7608,4.35
27.4762,24.5731,22.6280,22.0186,21.5697,21.7911,4.45
27.6222,24.5406,22.6154,22.0370,21.6206,21.8828,4.55
27.4969,24.6367,22.6632,22.0840,21.6512,21.9504,4.65
27.7129,24.6739,22.7283,22.1051,21.6640,22.0150,4.75
27.5247,24.6800,22.7349,22.1170,21.6647,22.0417,4.85
27.5228,24.6663,22.7284,22.1491,21.6816,22.1877,4.95
27.5332,24.6760,22.7417,22.2079,21.7246,22.2618,5.05
27.7583,24.7863,22.7845,22.2341,21.7455,22.2465,5.15
27.9401,24.8427,22.8275,22.2427,21.7706,22.2621,5.25
27.8293,24.8372,22.8243,22.2667,21.7922,22.3491,5.35
27.9334,24.8128,22.8182,22.3085,21.8021,22.4895,5.45
27.8682,24.7915,22.8474,22.3581,21.8489,22.5741,5.55
27.8762,24.8536,22.8822,22.3699,21.8574,22.5880,5.65
28.1646,24.9772,22.9210,22.3771,21.9091,22.6188,5.75
28.0975,24.9946,22.9280,22.3902,21.9073,22.6457,5.85
28.0426,24.9370,22.9348,22.4466,21.9301,22.7436,5.95
28.1934,24.9766,22.9418,22.4917,21.9512,22.8205,6.05
28.0609,24.9611,22.9664,22.5454,21.9787,22.9530,6.15
28.1620,25.0444,22.9883,22.5521,22.0050,22.9747,6.25
28.4527,25.1055,23.0232,22.5850,22.0425,22.9730,6.35
28.1711,25.1237,23.0549,22.5790,22.0458,23.0426,6.45
28.3866,25.1032,23.0486,22.6503,22.0618,23.0988,6.55
28.2520,25.0862,23.0745,22.7128,22.1039,23.1945,6.65
28.4285,25.1246,23.0771,22.7273,22.1453,23.2810,6.75
28.2297,25.1817,23.1071,22.7549,22.1702,23.3324,6.85
28.5709,25.2595,23.1480,22.7900,22.2137,23.3232,6.95
28.8735,25.2517,23.1746,22.7829,22.2268,23.4050,7.05
28.4860,25.3164,23.1606,22.8340,22.2203,23.3985,7.15
28.7420,25.2919,23.1916,22.8645,22.2763,23.5195,7.25
28.6867,25.2800,23.2267,22.9276,22.2972,23.6320,7.35
28.6819,25.2861,23.2133,22.9591,22.3390,23.6526,7.45
28.4589,25.3075,23.2470,22.9899,22.3527,23.6979,7.55
28.8342,25.4160,23.3101,23.0252,22.3755,23.7062,7.65
28.6805,25.4696,23.3286,23.0313,22.3956,23.6879,7.75
28.7819,25.4540,23.3275,23.0411,22.4106,23.7950,7.85
28.8214,25.4485,23.3297,23.1063,22.4603,23.8163,7.95
28.8887,25.5198,23.3541,23.1475,22.5046,23.9253,8.05
28.8072,25.5039,23.3880,23.2148,22.5503,24.0081,8.15
28.8906,25.4834,23.3790,23.2294,22.5635,24.0481,8.25
29.1153,25.5174,23.4336,23.2629,22.5875,24.0989,8.35
28.9547,25.5893,23.4444,23.2627,22.6049,24.0957,8.45
29.0132,25.6375,23.4725,23.2821,22.5957,24.1153,8.55
29.1326,25.6637,23.4990,23.3251,22.6408,24.1561,8.65
29.0354,25.6473,23.5078,23.3636,22.7059,24.2577,8.75
29.0091,25.6643,23.5216,23.4423,22.7320,24.3550,8.85
28.9139,25.6808,23.5224,23.4803,22.8000,24.3678,8.95
