u,g,r,i,z,y,time
28.4757,27.7156,27.0830,26.7315,26.4813,26.3704,0.05
29.7934,28.4160,27.4473,26.6509,26.4228,26.1629,0.15
30.9973,28.8955,27.7329,26.8517,26.3370,26.1342,0.25
31.6721,29.5323,27.9498,26.9289,26.3786,26.0376,0.35
33.1242,30.1173,28.2926,27.1935,26.4505,26.0420,0.45
33.8747,30.5636,28.5329,27.3088,26.5972,26.0670,0.55
34.1842,31.6740,28.8812,27.6675,26.7093,26.1256,0.65
34.6246,31.8783,29.0556,27.7873,26.6767,26.0872,0.75
-9999.0000,32.0961,29.2852,27.8095,26.7863,26.0511,0.85
-9999.0000,33.1177,29.4601,27.9425,26.8068,26.0433,0.95
-9999.0000,32.2966,29.7059,28.0318,26.8345,26.0299,1.05
-9999.0000,33.1075,29.8384,28.1103,26.7640,26.0218,1.15
-9999.0000,33.5026,30.1621,28.2656,26.8448,25.9939,1.25
-9999.0000,33.5322,30.1179,28.1521,26.9493,25.9680,1.35
-9999.0000,34.3255,30.4337,28.4244,27.0473,26.0040,1.45
-9999.0000,33.6051,30.1420,28.2986,26.9167,25.9620,1.55
-9999.0000,34.1616,30.5785,28.3860,26.9421,25.8633,1.65
-9999.0000,33.6696,31.0412,28.5024,26.9378,25.8389,1.75
-9999.0000,35.1583,30.2951,28.3736,26.9037,25.8614,1.85
-9999.0000,33.5794,30.8338,28.7200,27.0076,25.8709,1.95
-9999.0000,33.8736,30.7609,28.6753,27.0240,25.8662,2.05
-9999.0000,34.6545,30.7458,28.8653,27.0392,25.7737,2.15
-9999.0000,34.7115,30.8412,28.7545,26.9790,25.8372,2.25
-9999.0000,34.6956,30.9907,28.8713,26.9977,25.8409,2.35
-9999.0000,34.6353,30.9042,28.8803,27.0934,25.8091,2.45
-9999.0000,35.6362,31.0562,28.7608,27.0876,25.8850,2.55
-9999.0000,35.1750,31.2600,29.0589,27.1201,25.7993,2.65
-9999.0000,39.2924,31.4585,28.8455,27.1315,25.8343,2.75
-9999.0000,33.8313,31.1604,29.0486,27.0489,25.8357,2.85
-9999.0000,34.8383,31.0101,29.2265,27.1067,25.8450,2.95
-9999.0000,35.6478,31.3940,29.0815,27.2132,25.8871,3.05
-9999.0000,-9999.0000,31.5727,29.2588,27.1441,25.9385,3.15
-9999.0000,38.9819,31.5444,29.0182,27.2694,25.8596,3.25
-9999.0000,33.6683,31.9289,29.2873,27.3184,25.8430,3.35
-9999.0000,-9999.0000,31.6427,29.3066,27.2353,26.0194,3.45
-9999.0000,35.5949,31.4034,29.2344,27.2859,25.9721,3.55
-9999.0000,34.4026,31.5894,29.2642,27.4063,25.9728,3.65
-9999.0000,-9999.0000,31.4966,29.1512,27.4047,25.9409,3.75
-9999.0000,34.2376,31.4245,29.3225,27.4310,26.0714,3.85
-9999.0000,35.6061,31.6759,29.2707,27.3609,26.0424,3.95
-9999.0000,-9999.0000,31.8185,29.0163,27.5169,25.9933,4.05
-9999.0000,33.9659,31.3645,29.3642,27.4678,26.0577,4.15
-9999.0000,37.0628,31.9845,29.2478,27.5339,26.1101,4.25
-9999.0000,34.9845,31.8858,29.2789,27.6044,26.1671,4.35
-9999.0000,42.2066,31.5699,29.4534,27.5113,26.1557,4.45
35.7617,36.2165,32.2115,29.5029,27.6652,26.1599,4.55
-9999.0000,-9999.0000,31.8805,29.4654,27.5839,26.2098,4.65
-9999.0000,35.0631,31.5554,29.3975,27.7005,26.2261,4.75
-9999.0000,37.1627,31.9022,29.5088,27.6921,26.2087,4.85
-9999.0000,-9999.0000,31.7328,29.4389,27.6277,26.2428,4.95
-9999.0000,36.6277,31.6000,29.4556,27.7427,26.1990,5.05
-9999.0000,-9999.0000,32.1039,29.6327,27.7378,26.3475,5.15
-9999.0000,42.3960,31.7803,29.3992,27.8116,26.3212,5.25
-9999.0000,-9999.0000,31.6073,29.1941,27.7446,26.3734,5.35
-9999.0000,34.4741,31.5833,29.3902,27.8631,26.2673,5.45
-9999.0000,34.3226,32.6007,29.5349,27.7479,26.3195,5.55
-9999.0000,35.0931,31.6976,29.5433,27.8651,26.3341,5.65
-9999.0000,35.7844,32.0383,29.5316,27.8311,26.4164,5.75
-9999.0000,35.1931,32.0078,29.4711,27.9288,26.4072,5.85
-9999.0000,-9999.0000,31.7456,29.4397,27.7756,26.4263,5.95
-9999.0000,34.4200,32.0230,29.7012,27.8637,26.4085,6.05
-9999.0000,35.2616,32.5214,29.4969,27.8898,26.4830,6.15
-9999.0000,34.3842,31.9434,29.3168,27.9820,26.4746,6.25
-9999.0000,35.2664,31.8018,29.4542,27.9326,26.4967,6.35
-9999.0000,38.1300,31.8758,29.5749,28.0795,26.6044,6.45
-9999.0000,-9999.0000,32.1325,29.4874,27.9039,26.5573,6.55
-9999.0000,36.8404,31.4396,29.6272,27.8322,26.6320,6.65
-9999.0000,35.3107,32.0152,29.6080,27.8816,26.5210,6.75
-9999.0000,35.4020,31.5076,29.4181,27.9794,26.5427,6.85
-9999.0000,38.0914,31.6402,29.5983,28.0659,26.5632,6.95
-9999.0000,-9999.0000,32.0496,29.6830,28.0553,26.6789,7.05
-9999.0000,34.0232,31.6853,29.3387,28.0365,26.6296,7.15
-9999.0000,35.2066,31.5934,29.5285,28.0255,26.6981,7.25
-9999.0000,36.1672,32.2061,29.6332,27.9846,26.7284,7.35
-9999.0000,34.7436,31.7206,29.5488,27.9995,26.7030,7.45
-9999.0000,35.7383,31.5868,29.5662,28.0115,26.7025,7.55
-9999.0000,-9999.0000,31.5927,29.4530,28.0844,26.7409,7.65
-9999.0000,34.7412,31.8588,29.7026,28.1310,26.8207,7.75
-9999.0000,35.3423,32.1746,29.5728,28.0913,26.8432,7.85
-9999.0000,34.7678,32.6041,29.5799,28.0980,26.8830,7.95
-9999.0000,37.0690,31.8897,29.6016,28.1109,26.8798,8.05
-9999.0000,-9999.0000,31.9000,29.5004,28.0815,26.8745,8.15
-9999.0000,35.2012,31.6676,29.5767,28.2054,26.8372,8.25
-9999.0000,34.3564,32.0797,29.5453,28.0744,26.8984,8.35
-9999.0000,36.3325,31.8958,29.3996,28.2655,26.8206,8.45
-9999.0000,-9999.0000,31.5796,29.6696,28.2723,26.8436,8.55
-9999.0000,35.6926,32.2738,29.5411,28.2692,26.9301,8.65
-9999.0000,-9999.0000,31.8362,29.5513,28.2911,27.0098,8.75
-9999.0000,34.9598,32.3025,29.5198,28.1452,26.9457,8.85
-9999.0000,39.6639,32.2140,29.5793,28.2795,26.9298,8.95
