u,g,r,i,z,y,time
31.7470,29.2220,27.3149,26.5095,26.2849,26.2593,0.05
32.3489,29.5325,27.4959,26.4404,25.9740,25.7981,0.15
32.8475,30.0273,27.8101,26.7574,25.9830,25.6573,0.25
33.3650,30.4902,28.1887,27.1754,26.1771,25.7265,0.35
33.6886,30.9391,28.5358,27.4730,26.5203,25.9051,0.45
34.1378,31.2810,28.8624,27.7070,26.8254,26.1596,0.55
34.4295,31.5947,29.1877,27.9442,27.0906,26.3989,0.65
34.8317,31.8189,29.4397,28.1611,27.3208,26.5795,0.75
35.3077,32.0445,29.6863,28.3319,27.4946,26.7657,0.85
35.5403,32.1845,29.8343,28.4722,27.6445,26.9072,0.95
35.6006,32.3499,30.0493,28.6111,27.7971,27.0662,1.05
35.8925,32.5653,30.1851,28.7407,27.9185,27.2104,1.15
36.6221,32.5638,30.3424,28.8539,28.0447,27.3282,1.25
37.4835,32.7913,30.4203,28.9672,28.1220,27.4597,1.35
36.5292,32.9267,30.5227,29.0341,28.2328,27.5717,1.45
36.7681,33.1053,30.6410,29.1449,28.3057,27.6687,1.55
38.0604,33.2041,30.7291,29.2547,28.3579,27.7638,1.65
37.7596,33.3044,30.8188,29.3451,28.4838,27.8515,1.75
39.1963,33.3824,30.9422,29.3882,28.5642,27.9418,1.85
38.5909,33.5724,31.0447,29.4860,28.5959,28.0349,1.95
38.1192,33.7971,31.0847,29.5734,28.6369,28.1109,2.05
38.4182,33.8056,31.2336,29.6218,28.7272,28.1894,2.15
39.0560,33.9138,31.2291,29.7018,28.7958,28.2501,2.25
38.4554,34.1179,31.3212,29.7964,28.8370,28.3165,2.35
38.9922,34.0128,31.3823,29.8782,28.9405,28.3991,2.45
38.8304,34.2146,31.4628,29.9744,29.0026,28.4732,2.55
39.2383,34.2378,31.5824,30.0518,29.0638,28.5173,2.65
38.9885,34.4398,31.6619,30.0955,29.1215,28.5854,2.75
37.7362,34.6241,31.7074,30.1490,29.2192,28.6381,2.85
38.9194,34.7919,31.7786,30.2196,29.2862,28.7116,2.95
39.4845,34.8040,31.9183,30.2993,29.3286,28.7462,3.05
38.6901,34.8818,31.9584,30.3789,29.4169,28.8156,3.15
38.5634,34.7987,32.0599,30.4011,29.4522,28.8812,3.25
41.7704,34.9161,32.0808,30.5128,29.5310,28.9535,3.35
-9999.0000,35.0660,32.2730,30.5963,29.5764,28.9983,3.45
-9999.0000,35.0544,32.2222,30.6596,29.6612,29.0815,3.55
-9999.0000,35.3315,32.3326,30.7394,29.7311,29.1315,3.65
-9999.0000,35.3324,32.3677,30.8097,29.7621,29.1930,3.75
-9999.0000,35.6483,32.4619,30.9159,29.8543,29.2662,3.85
42.8044,35.6243,32.6129,30.9084,29.9113,29.2957,3.95
-9999.0000,35.6617,32.6658,30.9956,29.9937,29.3623,4.05
-9999.0000,35.9502,32.6366,31.0806,30.1055,29.4041,4.15
39.5543,35.8336,32.7570,31.1664,30.1293,29.4630,4.25
39.8684,35.8334,32.9362,31.2261,30.2196,29.5626,4.35
-9999.0000,36.2382,32.8552,31.2755,30.2751,29.6295,4.45
45.5022,36.1176,32.9478,31.3947,30.3637,29.6502,4.55
39.9298,36.2438,33.0233,31.4495,30.3685,29.7558,4.65
41.8624,36.0172,33.0726,31.4676,30.4647,29.8104,4.75
-9999.0000,36.6652,33.2176,31.5884,30.5516,29.8615,4.85
-9999.0000,36.2319,33.3066,31.6498,30.6058,29.8945,4.95
-9999.0000,36.5788,33.3018,31.6936,30.6689,29.9718,5.05
-9999.0000,36.6060,33.3302,31.7437,30.7444,30.0330,5.15
-9999.0000,36.4223,33.3499,31.8359,30.7731,30.0978,5.25
-9999.0000,36.6885,33.5223,31.9317,30.8568,30.1294,5.35
-9999.0000,36.3387,33.5928,31.9449,30.9160,30.2290,5.45
-9999.0000,36.3527,33.5326,32.0531,31.0036,30.2618,5.55
-9999.0000,36.3394,33.4845,32.0695,31.0181,30.3663,5.65
-9999.0000,36.4654,33.7245,32.1630,31.1236,30.4134,5.75
-9999.0000,36.4858,33.5106,32.2338,31.1868,30.4836,5.85
-9999.0000,36.7923,33.6932,32.3928,31.2982,30.5361,5.95
-9999.0000,36.6479,33.7155,32.3339,31.2847,30.6194,6.05
-9999.0000,36.4379,33.7106,32.3920,31.3470,30.6441,6.15
-9999.0000,36.7559,33.8326,32.4832,31.4725,30.7358,6.25
-9999.0000,36.8490,33.7708,32.5469,31.5412,30.8069,6.35
-9999.0000,36.5999,33.7917,32.5249,31.6451,30.8772,6.45
-9999.0000,36.8698,33.9100,32.5532,31.6973,30.8944,6.55
-9999.0000,37.0223,33.9391,32.6389,31.6908,31.0409,6.65
-9999.0000,36.7894,33.8431,32.7938,31.8536,31.0649,6.75
-9999.0000,37.2007,33.9825,32.7995,31.8768,31.1407,6.85
-9999.0000,37.7049,33.9664,32.7915,31.9160,31.1829,6.95
-9999.0000,37.1797,33.9826,32.7846,31.9378,31.2445,7.05
-9999.0000,37.2896,34.1784,32.8915,31.9965,31.3827,7.15
-9999.0000,37.3498,34.0126,32.8578,32.1018,31.3617,7.25
-9999.0000,37.7076,34.1681,32.9714,32.1060,31.4137,7.35
-9999.0000,37.4268,34.1342,32.9760,32.2032,31.5321,7.45
-9999.0000,37.7990,34.1896,33.0310,32.3727,31.5702,7.55
-9999.0000,37.5769,34.2643,33.0750,32.3609,31.6523,7.65
-9999.0000,38.0810,34.2955,33.1130,32.4722,31.6867,7.75
-9999.0000,37.7071,34.3696,33.2012,32.4478,31.7326,7.85
-9999.0000,37.7995,34.3910,33.2192,32.4946,31.8065,7.95
-9999.0000,37.9539,34.4651,33.1429,32.4648,31.8804,8.05
-9999.0000,37.9948,34.4045,33.1871,32.5728,31.9589,8.15
-9999.0000,37.9084,34.3928,33.4125,32.6311,31.9803,8.25
-9999.0000,38.0272,34.5334,33.2856,32.6044,32.0734,8.35
-9999.0000,37.7267,34.4157,33.4131,32.6719,32.1298,8.45
-9999.0000,37.9131,34.3432,33.3781,32.7668,32.1738,8.55
-9999.0000,37.8132,34.3849,33.5299,32.7948,32.2066,8.65
-9999.0000,38.2235,34.4981,33.4521,32.9113,32.2311,8.75
-9999.0000,38.0175,34.4971,33.4806,32.8050,32.3436,8.85
-9999.0000,38.2537,34.4504,33.5210,32.9553,32.4834,8.95
