u,g,r,i,z,y,time
23.8558,23.7483,23.9714,24.3633,24.6257,24.9010,0.05
23.0500,22.9538,23.2017,23.6668,23.9813,24.1845,0.15
22.7536,22.5519,22.8209,23.2957,23.5933,23.8594,0.25
22.6571,22.3104,22.5454,23.0140,23.3329,23.6257,0.35
22.6928,22.1679,22.3501,22.7967,23.1223,23.4634,0.45
22.8030,22.0842,22.2125,22.6644,22.9810,23.3351,0.55
23.0335,22.0658,22.1028,22.5366,22.8897,23.2494,0.65
23.2586,22.0777,22.0370,22.4313,22.7744,23.1696,0.75
23.5023,22.1377,21.9622,22.3423,22.7001,23.1084,0.85
23.7891,22.2278,21.8981,22.2689,22.6457,23.0474,0.95
24.0428,22.3711,21.8440,22.2171,22.6159,23.0141,1.05
24.3011,22.5221,21.8059,22.1987,22.5717,22.9928,1.15
24.5389,22.6920,21.7747,22.1618,22.5228,22.9578,1.25
24.7766,22.8872,21.7730,22.1506,22.5416,22.9530,1.35
25.1012,23.0863,21.8014,22.1421,22.5126,22.9259,1.45
25.2409,23.2766,21.8416,22.1441,22.5401,22.9151,1.55
25.4352,23.4320,21.8934,22.1320,22.5220,22.8677,1.65
25.6369,23.6018,21.9700,22.1108,22.5286,22.8563,1.75
25.7997,23.6928,22.0253,22.0864,22.5174,22.8019,1.85
25.9855,23.8269,22.1150,22.0724,22.5238,22.7631,1.95
26.1049,23.8982,22.1776,22.0303,22.5264,22.6934,2.05
26.3246,24.0073,22.2494,21.9928,22.4784,22.6272,2.15
26.4071,24.1159,22.3094,21.9550,22.4291,22.5376,2.25
26.6935,24.2138,22.3876,21.9180,22.4195,22.4793,2.35
26.8144,24.2746,22.4540,21.9258,22.3749,22.4258,2.45
26.9722,24.3906,22.5314,21.8993,22.3276,22.3433,2.55
27.1006,24.4737,22.6089,21.9143,22.3068,22.3059,2.65
27.1974,24.5449,22.6603,21.9214,22.2713,22.2750,2.75
27.3118,24.6520,22.7293,21.9351,22.2746,22.2328,2.85
27.6043,24.7302,22.8204,21.9544,22.2404,22.2078,2.95
27.5727,24.8400,22.8663,21.9881,22.2358,22.2261,3.05
27.7585,24.9215,22.9299,22.0050,22.2524,22.1893,3.15
27.9106,24.9756,23.0077,22.0514,22.2437,22.1841,3.25
28.1144,25.0499,23.0527,22.0888,22.2471,22.2126,3.35
28.2017,25.1356,23.0935,22.1188,22.2613,22.2006,3.45
28.3656,25.2077,23.1752,22.1670,22.2693,22.1955,3.55
28.3675,25.2461,23.2172,22.2095,22.3268,22.2407,3.65
28.5056,25.3632,23.2515,22.2487,22.3549,22.2689,3.75
28.5643,25.4065,23.3331,22.2973,22.4155,22.2538,3.85
28.7062,25.4557,23.3858,22.3447,22.4614,22.2961,3.95
28.7924,25.5057,23.4331,22.3875,22.5161,22.3135,4.05
29.1068,25.5522,23.4821,22.4279,22.5523,22.3393,4.15
29.0638,25.6014,23.5298,22.4871,22.6296,22.3702,4.25
29.1107,25.6854,23.5638,22.5433,22.6907,22.4044,4.35
29.1790,25.6848,23.6144,22.5801,22.7396,22.4203,4.45
29.0492,25.7883,23.6548,22.6301,22.7625,22.4495,4.55
29.3762,25.8104,23.7251,22.6754,22.8051,22.4833,4.65
29.3587,25.8535,23.7719,22.7237,22.8663,22.5123,4.75
29.2465,25.8867,23.8193,22.7663,22.9207,22.5351,4.85
29.3796,25.9461,23.8443,22.8231,22.9569,22.5749,4.95
29.6006,26.0134,23.8761,22.8844,23.0105,22.6004,5.05
29.5331,26.0758,23.9237,22.9330,23.0150,22.6176,5.15
29.8092,26.1351,23.9596,22.9472,23.0712,22.6619,5.25
29.5849,26.0808,24.0012,23.0124,23.0993,22.6855,5.35
29.9010,26.1872,24.0018,23.0380,23.1308,22.7214,5.45
29.5789,26.1994,24.0437,23.0809,23.1724,22.7533,5.55
29.8884,26.1905,24.0872,23.1361,23.1737,22.7899,5.65
30.0095,26.2951,24.1311,23.1655,23.2079,22.8015,5.75
29.7587,26.3121,24.1625,23.1999,23.2733,22.8431,5.85
29.8762,26.3167,24.1851,23.2655,23.2779,22.8664,5.95
29.8597,26.3047,24.2094,23.2922,23.2791,22.9087,6.05
30.4170,26.3663,24.2272,23.3112,23.3182,22.9003,6.15
30.0188,26.4551,24.2548,23.3362,23.3172,22.9435,6.25
30.2423,26.4509,24.3008,23.3921,23.3741,22.9835,6.35
29.8446,26.4850,24.3215,23.4172,23.3860,22.9813,6.45
29.9838,26.5882,24.3591,23.4443,23.4021,23.0071,6.55
30.1283,26.4730,24.3527,23.4638,23.4147,23.0608,6.65
30.2478,26.5125,24.3701,23.4896,23.4488,23.0832,6.75
30.3164,26.5962,24.4186,23.4999,23.4800,23.1443,6.85
30.5329,26.6997,24.4436,23.5398,23.4870,23.1332,6.95
30.4476,26.6518,24.4838,23.5769,23.5549,23.1616,7.05
30.7062,26.6490,24.4920,23.5881,23.5495,23.1908,7.15
30.2451,26.6922,24.4859,23.6105,23.5370,23.2187,7.25
30.4626,26.7377,24.5284,23.6436,23.5826,23.2347,7.35
30.7378,26.7378,24.5217,23.6841,23.5879,23.2774,7.45
30.4955,26.7909,24.5750,23.7102,23.6451,23.3352,7.55
30.7447,26.8369,24.5931,23.7157,23.6868,23.3355,7.65
30.2415,26.7823,24.6122,23.7204,23.6972,23.3914,7.75
30.8238,26.7932,24.6396,23.7634,23.6988,23.4163,7.85
30.8523,26.8450,24.6661,23.8027,23.7343,23.4462,7.95
30.7138,26.8313,24.6677,23.7949,23.7583,23.4726,8.05
30.6536,26.8686,24.7073,23.8450,23.7859,23.5133,8.15
30.7054,26.8989,24.7165,23.8526,23.7817,23.5280,8.25
30.5318,27.0046,24.7141,23.8588,23.8529,23.5643,8.35
30.7826,26.9393,24.7710,23.8715,23.8601,23.5834,8.45
30.7995,26.9676,24.7961,23.9283,23.9066,23.6350,8.55
30.5078,26.9880,24.8195,23.9489,23.9004,23.6418,8.65
30.6152,26.9623,24.8103,23.9838,23.9380,23.6526,8.75
30.8722,27.0742,24.8399,24.0108,23.9712,23.7187,8.85
30.7903,27.0291,24.8548,24.0065,23.9905,23.7377,8.95
