u,g,r,i,z,y,time
26.6771,25.8433,25.9956,26.1645,26.4527,26.6585,0.05
26.1870,25.1143,25.1909,25.3936,25.7748,25.9715,0.15
26.0337,24.7002,24.7632,24.9738,25.3440,25.5464,0.25
26.1196,24.4730,24.4641,24.6708,25.0249,25.2499,0.35
26.2495,24.3654,24.2448,24.4286,24.7977,25.0017,0.45
26.4755,24.3214,24.0966,24.2677,24.6265,24.8252,0.55
26.6725,24.3565,23.9810,24.1420,24.4626,24.6755,0.65
26.8104,24.4159,23.8865,24.0346,24.3690,24.5483,0.75
26.9466,24.5113,23.8302,23.9336,24.2387,24.4623,0.85
27.1098,24.6626,23.8030,23.8887,24.1636,24.3580,0.95
27.3358,24.8429,23.7931,23.8062,24.0914,24.2794,1.05
27.4495,25.0268,23.8088,23.7527,24.0504,24.2453,1.15
27.5816,25.2092,23.8349,23.7004,23.9995,24.1875,1.25
27.7666,25.3815,23.8978,23.6361,23.9358,24.1393,1.35
27.9456,25.5893,23.9941,23.5917,23.9123,24.1006,1.45
28.1789,25.7895,24.0929,23.5648,23.8606,24.0801,1.55
28.2921,25.8730,24.1769,23.5368,23.8462,24.0418,1.65
28.5950,26.0984,24.3544,23.5337,23.8142,24.0236,1.75
28.7120,26.1625,24.4468,23.5256,23.7844,24.0335,1.85
28.9944,26.3431,24.6359,23.5634,23.7782,24.0039,1.95
29.0912,26.4037,24.7360,23.5744,23.7585,24.0076,2.05
29.4268,26.5867,24.8756,23.6287,23.7645,24.0014,2.15
29.5576,26.6350,24.9442,23.6945,23.7312,23.9847,2.25
29.8161,26.8190,25.0648,23.7503,23.7199,24.0055,2.35
29.7569,26.8578,25.1358,23.8012,23.6963,23.9887,2.45
30.1242,26.9741,25.2186,23.8659,23.6783,23.9710,2.55
30.3497,27.0906,25.2914,23.9152,23.6648,23.9445,2.65
30.3735,27.1686,25.3079,23.9899,23.6482,23.9290,2.75
30.6656,27.2614,25.4264,24.0618,23.6604,23.9008,2.85
30.7349,27.3680,25.4708,24.1150,23.6567,23.8559,2.95
30.8008,27.4177,25.4967,24.1740,23.6673,23.8572,3.05
31.3202,27.5384,25.6479,24.2457,23.6827,23.8306,3.15
31.4466,27.6149,25.7263,24.3189,23.7222,23.8031,3.25
31.4396,27.6938,25.7150,24.3619,23.7376,23.7977,3.35
31.7385,27.8208,25.8230,24.4225,23.7591,23.8012,3.45
31.9794,27.8464,25.9310,24.4869,23.7924,23.7907,3.55
31.5877,27.9607,25.9687,24.5498,23.8432,23.7973,3.65
32.4746,28.0229,26.0885,24.5814,23.8676,23.7818,3.75
32.3015,28.1387,26.1377,24.6422,23.9076,23.7999,3.85
32.6046,28.2303,26.2181,24.6983,23.9417,23.8055,3.95
32.1802,28.2631,26.3081,24.7391,23.9899,23.8089,4.05
32.9766,28.3922,26.4005,24.7649,24.0186,23.8376,4.15
33.0872,28.4462,26.4840,24.8301,24.0670,23.8637,4.25
32.7459,28.4992,26.5282,24.8653,24.0951,23.8923,4.35
32.4829,28.4857,26.5913,24.9144,24.1339,23.9201,4.45
32.9525,28.7096,26.6365,24.9524,24.1652,23.9696,4.55
32.6099,28.7065,26.7096,25.0064,24.2086,24.0318,4.65
33.2910,28.7855,26.7777,25.0600,24.2821,24.0561,4.75
33.2379,28.8470,26.8529,25.0885,24.3169,24.1067,4.85
33.4932,28.9240,26.8878,25.1442,24.3347,24.1436,4.95
33.7111,28.9883,26.9474,25.1772,24.3860,24.1774,5.05
33.5639,29.0747,27.0020,25.2246,24.4525,24.2713,5.15
33.2141,29.1283,27.0413,25.3076,24.4858,24.3121,5.25
33.1643,29.1412,27.1438,25.3424,24.5275,24.3620,5.35
33.8090,29.2110,27.1136,25.3581,24.5548,24.4055,5.45
33.6152,29.2327,27.2154,25.4172,24.6100,24.4642,5.55
34.8178,29.2318,27.2302,25.4419,24.6464,24.4915,5.65
33.8992,29.3393,27.2824,25.5032,24.6923,24.5508,5.75
34.2464,29.3671,27.3382,25.5558,24.7477,24.5517,5.85
34.8729,29.4670,27.3472,25.5869,24.8070,24.6183,5.95
35.4317,29.5174,27.4066,25.6056,24.8378,24.6813,6.05
34.3588,29.5386,27.4362,25.6390,24.8800,24.7155,6.15
34.5978,29.6136,27.4755,25.6888,24.9085,24.7779,6.25
33.8814,29.6776,27.4727,25.7432,24.9224,24.8005,6.35
34.2437,29.7473,27.5648,25.7761,24.9903,24.8466,6.45
33.8476,29.7860,27.5220,25.8364,25.0065,24.8719,6.55
34.2045,29.7606,27.6274,25.8295,25.0525,24.9001,6.65
34.9725,29.7058,27.6128,25.8548,25.0858,24.9374,6.75
34.5462,29.7887,27.6905,25.9081,25.1170,25.0128,6.85
34.4707,29.9219,27.7302,25.9528,25.1672,25.0589,6.95
35.7232,29.9177,27.7122,25.9641,25.1911,25.0748,7.05
36.0255,30.0201,27.7966,25.9990,25.2221,25.0998,7.15
34.6804,29.9235,27.7622,26.0139,25.2680,25.1272,7.25
34.6359,29.9457,27.8002,26.0627,25.2540,25.1564,7.35
35.2047,30.0748,27.8056,26.0701,25.3109,25.1760,7.45
35.5155,30.1924,27.8878,26.0919,25.3654,25.2276,7.55
38.2322,30.1809,27.8750,26.1145,25.4101,25.2468,7.65
34.7449,30.2008,27.9517,26.1437,25.4094,25.2782,7.75
34.9861,30.2370,27.9502,26.1790,25.4493,25.3180,7.85
34.4844,30.3518,27.9372,26.1834,25.4566,25.3359,7.95
34.6283,30.3170,28.0217,26.2050,25.5108,25.3478,8.05
38.4012,30.4079,28.0432,26.2514,25.5010,25.3576,8.15
35.5941,30.4424,28.0180,26.2709,25.5166,25.4562,8.25
35.5214,30.2826,28.0983,26.2738,25.5441,25.4414,8.35
34.2557,30.4474,28.1711,26.3162,25.6055,25.4663,8.45
35.0543,30.4817,28.1334,26.3425,25.6097,25.4941,8.55
35.5356,30.4130,28.1251,26.3931,25.6395,25.4642,8.65
37.2233,30.6088,28.1313,26.4100,25.6605,25.5218,8.75
39.1301,30.4736,28.1580,26.3818,25.6593,25.5133,8.85
35.7801,30.5219,28.2569,26.4185,25.7445,25.5899,8.95
