u,g,r,i,z,y,time
21.6344,20.1702,18.8539,18.6861,18.6859,18.7778,0.05
22.1394,20.2941,18.7974,18.2565,18.3645,18.2642,0.15
22.4686,20.4743,18.8498,18.0638,18.1065,18.0055,0.25
22.9238,20.6816,18.9177,17.9776,17.8471,17.8935,0.35
23.0972,20.8018,18.9261,17.9234,17.7012,17.8088,0.45
23.3290,20.9408,18.9871,17.8973,17.5932,17.6944,0.55
23.3744,21.1262,19.0494,17.9371,17.5596,17.6269,0.65
23.7294,21.2532,19.0738,17.9702,17.5372,17.5680,0.75
23.9157,21.4578,19.1333,18.0409,17.5164,17.5164,0.85
24.4246,21.4948,19.2242,18.0878,17.5078,17.4950,0.95
24.2377,21.6270,19.2885,18.1364,17.5169,17.4607,1.05
24.2903,21.7776,19.3842,18.1996,17.5397,17.4233,1.15
24.6956,21.8748,19.4707,18.2493,17.5279,17.4112,1.25
24.6864,22.0203,19.5520,18.3391,17.5546,17.4127,1.35
24.8730,22.1038,19.6951,18.3784,17.5916,17.4046,1.45
25.1251,22.2085,19.7333,18.4392,17.6164,17.4012,1.55
24.8798,22.3373,19.8247,18.4924,17.6718,17.4011,1.65
24.9641,22.3832,19.9419,18.5715,17.7088,17.4194,1.75
25.3888,22.4546,20.0444,18.6236,17.7723,17.4139,1.85
25.2122,22.5631,20.1149,18.6932,17.8364,17.4342,1.95
25.4962,22.5789,20.1981,18.7468,17.8843,17.4476,2.05
25.5259,22.6476,20.2932,18.7961,17.9388,17.4713,2.15
25.5512,22.7083,20.3591,18.8730,18.0049,17.4979,2.25
25.7928,22.9179,20.4509,18.9220,18.0725,17.5405,2.35
25.6159,22.7717,20.5441,18.9838,18.1320,17.6010,2.45
25.7836,23.0016,20.6087,19.0605,18.2068,17.6270,2.55
25.8251,23.1880,20.7013,19.1288,18.2758,17.6929,2.65
26.1219,23.1310,20.7910,19.1946,18.3416,17.7369,2.75
26.0925,23.2774,20.9268,19.2778,18.4229,17.7735,2.85
25.7965,23.2875,20.9986,19.3139,18.4925,17.8440,2.95
26.0404,23.2939,20.9793,19.3805,18.5655,17.9128,3.05
25.8544,23.2699,21.0675,19.4524,18.6294,17.9649,3.15
25.9233,23.3634,21.1249,19.5143,18.6856,18.0341,3.25
25.6927,23.4891,21.2418,19.6003,18.7333,18.0940,3.35
25.9323,23.4891,21.3497,19.6560,18.8208,18.1659,3.45
25.7999,23.5409,21.3552,19.7487,18.8806,18.2279,3.55
26.0582,23.5598,21.4051,19.8095,18.9389,18.3069,3.65
26.0925,23.5532,21.3846,19.9060,19.0059,18.3748,3.75
26.2547,23.7194,21.5328,19.9367,19.0769,18.4367,3.85
26.4903,23.6277,21.5435,20.0029,19.1799,18.4930,3.95
26.2296,23.8814,21.6086,20.1046,19.1955,18.5860,4.05
26.7008,23.8270,21.6266,20.2046,19.2472,18.6595,4.15
26.4467,23.7626,21.7113,20.2510,19.3675,18.7436,4.25
26.5821,23.9378,21.6468,20.3199,19.3938,18.7896,4.35
26.4132,23.7395,21.7751,20.4154,19.4594,18.8612,4.45
26.4193,23.8813,21.8006,20.4515,19.5127,18.9291,4.55
27.0294,23.9068,21.7506,20.4872,19.5986,19.0134,4.65
26.8957,23.9466,21.8654,20.5533,19.6879,19.0776,4.75
27.4630,24.1203,21.9077,20.6417,19.7554,19.1649,4.85
26.7167,23.9725,21.7617,20.7716,19.7950,19.2248,4.95
26.5013,24.0155,21.9075,20.7977,19.8614,19.2779,5.05
26.9232,24.1363,21.9144,20.8288,19.9718,19.3686,5.15
27.0607,23.9577,21.9365,20.8956,20.0011,19.4009,5.25
26.8071,24.1661,21.9327,20.9272,20.0922,19.5219,5.35
26.7415,24.0978,21.9689,20.9348,20.1573,19.5989,5.45
27.0316,24.2906,22.0222,21.0599,20.2158,19.6321,5.55
26.8265,24.2509,22.0447,21.1144,20.2657,19.7505,5.65
27.1935,24.2267,22.1138,21.1268,20.2985,19.8297,5.75
26.8654,24.3317,22.1983,21.1801,20.4113,19.9131,5.85
27.8834,24.2706,22.1152,21.2284,20.4961,19.9316,5.95
26.8124,24.2470,22.1585,21.3307,20.5363,20.0185,6.05
27.2220,24.4360,22.2040,21.2941,20.5745,20.0931,6.15
27.6573,24.5325,22.2522,21.3368,20.6780,20.1282,6.25
27.1462,24.3732,22.2391,21.3302,20.7504,20.2003,6.35
27.2844,24.5754,22.3072,21.3947,20.7917,20.2645,6.45
27.7022,24.5600,22.3132,21.4398,20.8697,20.3272,6.55
27.0607,24.4304,22.3379,21.4277,20.8996,20.4228,6.65
27.3338,24.5435,22.4311,21.4644,21.0466,20.4561,6.75
26.9665,24.5350,22.3895,21.4630,21.0267,20.5267,6.85
27.2952,24.5752,22.4232,21.5400,21.0238,20.6029,6.95
26.9418,24.5285,22.4767,21.4911,21.0605,20.5976,7.05
26.9884,24.5897,22.6034,21.4874,21.0719,20.7222,7.15
26.9159,24.5975,22.5622,21.5841,21.1646,20.7356,7.25
26.8833,24.5339,22.5748,21.5621,21.2547,20.8176,7.35
26.4580,24.7269,22.6579,21.6429,21.2922,20.8389,7.45
26.9390,24.5963,22.6830,21.6800,21.2745,20.9647,7.55
27.1868,24.7336,22.7087,21.6567,21.2932,20.9722,7.65
26.6302,24.6265,22.7826,21.7621,21.2961,21.0252,7.75
27.0251,24.7207,22.8370,21.7030,21.3209,21.1257,7.85
27.2583,24.8541,22.8098,21.7188,21.3842,21.1514,7.95
26.7983,24.7748,22.8351,21.8404,21.4203,21.1839,8.05
26.9655,24.8086,22.8393,21.7740,21.4793,21.2382,8.15
27.2554,24.9308,22.9868,21.8624,21.5409,21.2197,8.25
27.0349,24.8459,23.0025,21.8513,21.4235,21.2623,8.35
27.1966,24.8674,22.9815,21.9052,21.4690,21.3905,8.45
27.3989,24.7068,23.0336,21.9144,21.5190,21.3492,8.55
27.2557,24.9032,23.0146,21.9856,21.4753,21.4272,8.65
27.5742,24.8437,23.1090,21.9854,21.7037,21.3598,8.75
27.5874,25.0845,23.1688,22.0391,21.5902,21.4244,8.85
28.0385,24.8953,23.3178,22.0267,21.7658,21.5101,8.95
