u,g,r,i,z,y,time
24.7353,24.1851,24.1709,24.4002,24.6834,24.8703,0.05
24.0470,23.3632,23.4390,23.6932,24.0230,24.1555,0.15
23.8417,23.0109,23.0395,23.3061,23.6008,23.8141,0.25
23.8089,22.8538,22.8213,23.0305,23.3636,23.5445,0.35
23.8946,22.7789,22.6414,22.8488,23.1624,23.3424,0.45
24.0568,22.7812,22.5244,22.7190,23.0312,23.2145,0.55
24.3224,22.8335,22.4178,22.6079,22.9121,23.1052,0.65
24.5438,22.9351,22.3236,22.5247,22.8042,22.9804,0.75
24.8344,23.0794,22.2610,22.4396,22.7156,22.8718,0.85
25.1272,23.2430,22.2037,22.3690,22.6350,22.7719,0.95
25.4055,23.4448,22.1851,22.3116,22.5766,22.6858,1.05
25.6107,23.6238,22.1892,22.2615,22.5104,22.6258,1.15
25.8046,23.8025,22.2024,22.2172,22.4663,22.5539,1.25
25.9576,23.9593,22.2554,22.1750,22.4111,22.4760,1.35
26.1445,24.1102,22.3254,22.1523,22.3717,22.4394,1.45
26.3046,24.2577,22.3825,22.1353,22.3823,22.3940,1.55
26.3352,24.3486,22.4642,22.1084,22.3387,22.3475,1.65
26.6278,24.4988,22.5471,22.0891,22.3522,22.3051,1.75
26.6319,24.5887,22.6086,22.0779,22.3360,22.2893,1.85
26.8566,24.7303,22.7162,22.0956,22.3492,22.2369,1.95
26.9337,24.8120,22.7669,22.0911,22.3117,22.2114,2.05
27.0835,24.9689,22.8764,22.1334,22.3198,22.1815,2.15
27.1269,25.0360,22.9351,22.1578,22.3488,22.1862,2.25
27.3412,25.1803,23.0507,22.1876,22.3547,22.1692,2.35
27.3858,25.2718,23.1229,22.2411,22.3903,22.1933,2.45
27.6696,25.4052,23.2111,22.2779,22.3867,22.1815,2.55
27.7758,25.5107,23.2952,22.3510,22.4238,22.2028,2.65
27.9356,25.6018,23.3796,22.4019,22.4563,22.2221,2.75
28.1475,25.7383,23.4646,22.4601,22.5182,22.2337,2.85
28.3115,25.8253,23.5356,22.5191,22.5457,22.2493,2.95
28.4163,25.9073,23.6534,22.6145,22.5759,22.2467,3.05
28.6713,26.0490,23.7608,22.7042,22.6508,22.2739,3.15
28.6642,26.0898,23.8668,22.7800,22.7362,22.2984,3.25
28.7567,26.2153,23.9287,22.8519,22.7620,22.2968,3.35
29.0524,26.3027,24.0654,22.9326,22.8383,22.3112,3.45
29.1122,26.3985,24.1582,23.0583,22.9275,22.3498,3.55
29.2218,26.4487,24.2282,23.1434,22.9801,22.3586,3.65
29.2485,26.5800,24.3308,23.2055,23.0253,22.3779,3.75
29.6591,26.7282,24.4276,23.2897,23.1030,22.4097,3.85
29.5447,26.8083,24.5344,23.3637,23.1516,22.4378,3.95
29.9940,26.8891,24.6138,23.4495,23.1834,22.4844,4.05
30.1257,27.0009,24.6636,23.4668,23.2128,22.5137,4.15
30.5001,27.1417,24.7675,23.5561,23.2833,22.5344,4.25
30.2773,27.1726,24.8468,23.6227,23.3524,22.5768,4.35
30.7709,27.2347,24.9067,23.6846,23.3849,22.6289,4.45
30.8080,27.3413,24.9616,23.7327,23.3868,22.6905,4.55
30.9105,27.4509,25.0417,23.7818,23.4445,22.6837,4.65
30.8990,27.5628,25.1554,23.8121,23.5179,22.7459,4.75
31.3487,27.6336,25.1861,23.8985,23.5470,22.7846,4.85
31.3471,27.7652,25.2226,23.9436,23.5602,22.8457,4.95
31.1334,27.7309,25.2848,23.9829,23.5699,22.8807,5.05
31.1330,27.8896,25.3610,24.0029,23.6339,22.9105,5.15
31.4472,27.9433,25.4180,24.0761,23.6703,22.9859,5.25
31.3340,28.0587,25.4780,24.1472,23.6939,22.9908,5.35
31.3157,28.0730,25.4932,24.1458,23.7391,23.0341,5.45
31.9308,28.1639,25.5658,24.1893,23.7771,23.0787,5.55
31.3461,28.1783,25.6245,24.2359,23.7866,23.1149,5.65
31.8527,28.3188,25.6529,24.2445,23.8579,23.1436,5.75
32.1147,28.3580,25.7200,24.3201,23.8588,23.1702,5.85
31.5473,28.3379,25.7362,24.3110,23.8733,23.2039,5.95
31.8244,28.4505,25.7820,24.3672,23.8862,23.2374,6.05
32.1345,28.5271,25.8227,24.4126,23.9407,23.2723,6.15
32.0283,28.6178,25.8637,24.4550,23.9740,23.2982,6.25
32.8872,28.6342,25.8954,24.4818,23.9872,23.3382,6.35
32.5269,28.6408,25.9202,24.5194,24.0492,23.3718,6.45
32.1284,28.6042,25.9711,24.5531,24.0116,23.3904,6.55
33.6231,28.6733,25.9895,24.6004,24.0600,23.4289,6.65
32.1002,28.7212,26.0584,24.5909,24.0786,23.4630,6.75
33.1694,28.7109,26.1307,24.6533,24.1159,23.4988,6.85
32.0954,28.8633,26.1078,24.6550,24.1168,23.5310,6.95
32.0038,28.8687,26.1947,24.6816,24.1784,23.5650,7.05
32.0980,28.9007,26.1881,24.7310,24.1908,23.5876,7.15
32.5419,28.8416,26.2835,24.7485,24.2023,23.6079,7.25
32.8767,29.0397,26.2278,24.7764,24.2029,23.6105,7.35
32.6033,29.0065,26.2723,24.8008,24.2471,23.6629,7.45
33.1068,29.2107,26.2952,24.8494,24.2608,23.6828,7.55
33.0708,29.1039,26.3196,24.8766,24.2688,23.7345,7.65
33.7423,29.1305,26.3958,24.8772,24.2980,23.7223,7.75
32.9931,29.2725,26.4092,24.8998,24.3235,23.7682,7.85
33.8314,29.0769,26.4140,24.9485,24.3244,23.7968,7.95
32.9279,29.3528,26.4544,24.9512,24.3608,23.8066,8.05
33.4687,29.2517,26.4677,25.0186,24.3993,23.8755,8.15
33.2994,29.5180,26.5105,25.0230,24.4024,23.9044,8.25
32.6991,29.5244,26.5464,25.0535,24.4242,23.8711,8.35
33.0734,29.5415,26.5782,25.0546,24.4553,23.9575,8.45
34.0335,29.4231,26.5811,25.0961,24.4576,23.9356,8.55
33.6842,29.4164,26.6532,25.1152,24.4986,23.9560,8.65
33.7579,29.5529,26.6220,25.1817,24.4840,23.9883,8.75
33.2855,29.4849,26.6924,25.1845,24.4892,24.0254,8.85
33.7615,29.5714,26.6887,25.1802,24.5342,24.0262,8.95
