u,g,r,i,z,y,time
32.8821,30.2384,28.8388,28.6020,28.6974,28.8900,0.05
32.7204,29.9481,28.4181,28.1513,28.3351,28.5616,0.15
33.4181,30.7828,28.8929,28.0879,28.1894,28.4713,0.25
34.3927,31.7090,29.6891,28.4396,28.1363,28.5020,0.35
35.5879,32.4816,30.2710,29.0371,28.2579,28.3837,0.45
36.4321,33.0813,30.6693,29.4638,28.5411,28.2569,0.55
37.2283,33.5914,31.0252,29.9395,28.8209,28.2875,0.65
38.5122,34.0665,31.3578,30.5072,29.0984,28.4586,0.75
38.5497,34.5994,31.6889,30.9308,29.4038,28.7060,0.85
39.4989,35.0591,32.0564,31.2595,29.7519,29.0072,0.95
40.5342,35.5788,32.3704,31.5473,30.0512,29.3180,1.05
42.3135,35.9034,32.7042,31.8421,30.3302,29.5840,1.15
41.5818,36.3873,32.9824,32.0551,30.5417,29.7811,1.25
41.0792,36.5203,33.2037,32.2103,30.7283,29.9624,1.35
42.5545,36.8131,33.4483,32.3671,30.8654,30.0962,1.45
42.0395,36.9431,33.5694,32.5151,30.9737,30.2066,1.55
42.1731,37.1206,33.7251,32.5817,31.0735,30.3049,1.65
42.7615,37.2629,33.8454,32.6629,31.1774,30.4039,1.75
45.5494,37.2892,33.9532,32.7316,31.2239,30.4365,1.85
-9999.0000,37.6497,34.0099,32.7951,31.3054,30.5151,1.95
-9999.0000,37.6523,34.1182,32.8054,31.3542,30.5817,2.05
45.6540,37.5218,34.2313,32.9045,31.4117,30.6182,2.15
-9999.0000,37.7185,34.2774,32.8986,31.4638,30.6685,2.25
-9999.0000,37.8422,34.3285,32.9767,31.4991,30.7277,2.35
-9999.0000,37.8817,34.4011,33.0248,31.5475,30.7759,2.45
-9999.0000,37.8403,34.4161,33.0313,31.5587,30.8146,2.55
-9999.0000,38.1804,34.5232,33.1007,31.6075,30.8831,2.65
-9999.0000,38.0152,34.5492,33.0661,31.6744,30.8958,2.75
-9999.0000,38.1921,34.5793,33.0861,31.6761,30.9465,2.85
41.8164,38.1371,34.6431,33.1466,31.7078,30.9726,2.95
42.6496,38.1108,34.7151,33.1841,31.7497,31.0221,3.05
48.4308,38.2015,34.7143,33.1969,31.7702,31.0818,3.15
-9999.0000,38.1429,34.8210,33.2256,31.7740,31.1018,3.25
-9999.0000,38.2513,34.8565,33.2295,31.8335,31.1379,3.35
-9999.0000,38.3206,34.9057,33.2612,31.8549,31.1804,3.45
-9999.0000,38.6803,35.0008,33.2810,31.8737,31.2316,3.55
-9999.0000,38.5114,35.0585,33.3186,31.9080,31.2578,3.65
-9999.0000,38.5344,35.0871,33.3521,31.9451,31.3093,3.75
-9999.0000,38.9516,35.1113,33.4109,31.9792,31.3476,3.85
-9999.0000,38.8692,35.2109,33.4136,31.9946,31.3902,3.95
-9999.0000,38.9891,35.3008,33.4602,32.0350,31.4134,4.05
-9999.0000,38.8171,35.3049,33.4428,32.0485,31.4357,4.15
-9999.0000,38.6754,35.3479,33.5009,32.0977,31.4814,4.25
-9999.0000,39.6231,35.3278,33.5644,32.0930,31.5202,4.35
-9999.0000,39.4053,35.4884,33.5748,32.1252,31.5705,4.45
-9999.0000,39.1780,35.5466,33.5635,32.1471,31.5857,4.55
-9999.0000,39.2594,35.5303,33.6082,32.1817,31.6151,4.65
-9999.0000,39.4902,35.6455,33.6247,32.2053,31.6502,4.75
-9999.0000,39.1201,35.7182,33.6796,32.1973,31.6753,4.85
-9999.0000,39.2574,35.7268,33.6549,32.2524,31.7162,4.95
-9999.0000,39.2800,35.7245,33.7566,32.2875,31.7762,5.05
-9999.0000,39.8426,35.8263,33.7979,32.2848,31.7894,5.15
-9999.0000,39.6031,35.8392,33.7950,32.3331,31.8210,5.25
-9999.0000,39.6403,35.8444,33.7900,32.3690,31.8412,5.35
-9999.0000,39.4965,35.9805,33.8766,32.3920,31.8717,5.45
-9999.0000,39.5378,36.0928,33.8647,32.3778,31.8955,5.55
-9999.0000,39.9877,36.1185,33.9520,32.4344,31.9255,5.65
-9999.0000,40.5547,36.0849,33.9377,32.4462,31.9506,5.75
-9999.0000,40.5361,36.2094,33.9602,32.4468,32.0247,5.85
-9999.0000,40.6131,36.2839,34.0637,32.5317,32.0577,5.95
-9999.0000,39.7003,36.1858,33.9977,32.5126,32.0829,6.05
-9999.0000,39.9795,36.3741,34.0756,32.5213,32.1064,6.15
-9999.0000,40.1491,36.4755,34.0994,32.5805,32.1361,6.25
-9999.0000,40.3508,36.4573,34.1166,32.6235,32.1497,6.35
-9999.0000,40.5646,36.4995,34.1978,32.6360,32.2067,6.45
-9999.0000,40.4699,36.5376,34.1794,32.6683,32.2278,6.55
-9999.0000,41.0011,36.6368,34.1940,32.6817,32.2778,6.65
-9999.0000,40.8889,36.6679,34.3379,32.6979,32.2994,6.75
-9999.0000,40.8309,36.7689,34.2849,32.7421,32.3117,6.85
-9999.0000,40.5733,36.6413,34.3281,32.7739,32.3203,6.95
-9999.0000,40.9027,36.7653,34.3993,32.7762,32.3847,7.05
-9999.0000,40.4644,36.8760,34.3983,32.8226,32.4101,7.15
-9999.0000,40.5706,36.7631,34.4408,32.8659,32.4494,7.25
-9999.0000,40.9293,37.0630,34.4561,32.8384,32.4559,7.35
-9999.0000,40.8209,37.0021,34.4396,32.9033,32.5107,7.45
-9999.0000,41.1968,37.0149,34.5054,32.9178,32.4867,7.55
-9999.0000,40.8998,37.0665,34.5125,32.9465,32.5275,7.65
-9999.0000,41.0565,37.1714,34.6170,32.9739,32.5783,7.75
-9999.0000,41.1251,37.1825,34.6517,32.9769,32.6303,7.85
-9999.0000,42.0856,37.3486,34.6489,33.0192,32.6451,7.95
-9999.0000,41.1037,37.4364,34.6631,33.0786,32.6952,8.05
-9999.0000,41.9755,37.6473,34.6645,33.0771,32.7019,8.15
-9999.0000,41.9620,37.4433,34.7562,33.1179,32.7487,8.25
-9999.0000,41.2710,37.6559,34.7554,33.1492,32.7534,8.35
-9999.0000,42.0650,37.5163,34.8450,33.1468,32.7799,8.45
-9999.0000,41.4952,37.6471,34.8978,33.1821,32.7931,8.55
-9999.0000,46.2256,37.8012,34.8921,33.2082,32.8457,8.65
-9999.0000,41.5452,37.7489,34.9443,33.2320,32.8769,8.75
-9999.0000,43.6711,37.8507,34.9395,33.2672,32.9057,8.85
-9999.0000,41.5697,37.8714,34.9851,33.3108,32.9736,8.95
