u,g,r,i,z,y,time
31.2330,30.6395,30.1121,29.7592,29.7893,29.5259,0.05
32.0280,30.7683,29.9773,29.3804,29.2408,29.0891,0.15
32.6548,30.9663,29.9450,29.2053,28.8892,28.7506,0.25
32.9047,31.1016,29.8429,29.0641,28.6755,28.4188,0.35
33.6406,31.2156,29.9491,29.0798,28.6235,28.2279,0.45
33.4824,31.3716,29.9349,29.3168,28.6107,28.1004,0.55
33.6988,31.2818,29.9113,29.2428,28.5677,27.9577,0.65
33.7197,31.4341,29.9551,29.3574,28.5702,27.8831,0.75
33.7181,31.3790,29.9621,29.3629,28.6568,27.8470,0.85
34.0966,31.5189,30.0420,29.4433,28.6189,27.8110,0.95
34.3852,31.6785,30.0329,29.4515,28.7032,27.7378,1.05
34.0308,31.8016,30.1214,29.5014,28.7214,27.7576,1.15
34.8417,31.8886,30.1428,29.4991,28.8681,27.7256,1.25
35.0509,32.1318,30.2272,29.5516,28.8450,27.7582,1.35
35.1302,32.0882,30.2526,29.6324,28.8140,27.7537,1.45
34.7566,32.2029,30.2483,29.5996,28.7344,27.7379,1.55
34.6171,32.2662,30.4216,29.7012,28.9958,27.8341,1.65
35.0074,32.3968,30.4189,29.6076,28.8656,27.7920,1.75
36.5620,32.5539,30.5994,29.8079,29.0031,27.8801,1.85
35.7332,32.4737,30.4551,29.7463,28.8975,27.8674,1.95
37.3619,32.8924,30.7615,29.8448,29.0301,27.9253,2.05
36.3440,32.9208,30.6516,29.7855,28.9973,27.8945,2.15
39.2004,33.1488,30.9444,30.0038,29.1593,28.0957,2.25
36.7864,33.3177,30.8239,29.9393,29.0038,27.9536,2.35
37.7064,33.5338,31.1235,30.1973,29.2174,28.2577,2.45
36.7970,33.6572,30.9774,30.1747,29.1722,28.1513,2.55
38.9633,33.8156,31.2404,30.1823,29.2751,28.1776,2.65
37.6650,34.0196,31.4985,30.3902,29.4474,28.4724,2.75
37.1361,33.9514,31.3334,30.2577,29.2927,28.2882,2.85
37.0859,34.0887,31.7268,30.5834,29.5426,28.4544,2.95
38.7203,34.2549,31.9139,30.5249,29.6442,28.5521,3.05
38.5554,34.3795,31.5756,30.5605,29.4213,28.3767,3.15
39.9403,34.6584,31.9820,30.8046,29.6443,28.5930,3.25
38.4876,34.9919,32.2919,31.0877,29.8638,28.6618,3.35
41.0790,34.5446,32.0021,30.8683,29.7164,28.6456,3.45
39.6230,34.8254,32.0738,30.8059,29.7595,28.6644,3.55
-9999.0000,35.3560,32.3501,31.2404,30.0893,28.8604,3.65
-9999.0000,35.8640,32.5280,31.2470,29.9782,28.8821,3.75
-9999.0000,35.5779,32.4079,31.1283,29.8589,28.7776,3.85
-9999.0000,35.7571,32.8239,31.3591,30.2054,28.9366,3.95
-9999.0000,35.8636,32.7959,31.5003,30.3540,29.0893,4.05
-9999.0000,36.3305,32.8372,31.5104,30.3083,29.0984,4.15
-9999.0000,36.6575,32.6917,31.5925,30.2539,28.9821,4.25
-9999.0000,35.8567,33.0008,31.7660,30.4377,29.0811,4.35
-9999.0000,36.3724,33.3560,31.9537,30.7025,29.3731,4.45
-9999.0000,36.4268,33.5010,32.0275,30.6430,29.3288,4.55
-9999.0000,36.2823,33.3206,31.8653,30.5610,29.2469,4.65
-9999.0000,37.9259,33.5948,31.9492,30.5900,29.2238,4.75
38.3525,37.0767,33.4597,32.1882,30.8096,29.4948,4.85
-9999.0000,36.1100,33.5078,32.2606,31.0479,29.5986,4.95
-9999.0000,38.5547,33.9462,32.4358,30.8019,29.5872,5.05
-9999.0000,37.4999,33.9878,32.4002,30.7963,29.5225,5.15
-9999.0000,37.1511,34.2077,32.2804,31.1332,29.5465,5.25
-9999.0000,37.3803,34.1078,32.4955,31.1967,29.7030,5.35
-9999.0000,39.2025,34.5239,32.8273,31.1149,29.8166,5.45
-9999.0000,36.5980,34.3941,32.8663,31.1683,29.8255,5.55
-9999.0000,38.4939,34.5209,32.8956,31.2110,29.9025,5.65
-9999.0000,37.7852,34.4008,32.8606,31.4035,29.8007,5.75
-9999.0000,37.1370,34.7637,33.0049,31.4371,29.9481,5.85
-9999.0000,38.5740,34.2426,33.1136,31.5602,30.0464,5.95
-9999.0000,37.8799,35.0345,33.2296,31.6510,30.1809,6.05
-9999.0000,37.2039,35.2054,33.1734,31.7482,30.0988,6.15
-9999.0000,37.8997,35.1912,33.3351,31.6717,30.0747,6.25
-9999.0000,37.8403,35.0148,33.4502,31.5928,30.1330,6.35
-9999.0000,40.2989,35.4634,33.3798,31.9956,30.2630,6.45
-9999.0000,38.7707,35.8246,33.5857,32.0156,30.5404,6.55
-9999.0000,40.3698,35.8472,33.6842,32.0379,30.5302,6.65
-9999.0000,38.8969,35.7502,34.0409,32.1444,30.3722,6.75
-9999.0000,39.7185,37.0198,33.7589,32.2014,30.6012,6.85
-9999.0000,37.8060,35.5722,33.4560,32.0614,30.4431,6.95
-9999.0000,38.1919,35.7463,34.1919,32.2688,30.5544,7.05
-9999.0000,-9999.0000,36.2456,34.6407,32.3480,30.7454,7.15
-9999.0000,39.9672,36.9421,34.4764,32.4939,30.9307,7.25
-9999.0000,-9999.0000,35.8740,34.1849,32.8233,30.9936,7.35
-9999.0000,-9999.0000,35.8005,34.2874,32.4018,30.9286,7.45
-9999.0000,-9999.0000,37.3436,34.9204,32.6529,31.0087,7.55
-9999.0000,-9999.0000,36.0589,34.1862,32.5282,30.9704,7.65
-9999.0000,40.0101,38.4669,35.5056,32.7452,30.9721,7.75
-9999.0000,43.6441,36.5757,34.5951,33.0737,31.0785,7.85
-9999.0000,-9999.0000,36.8697,34.6220,33.1869,31.3049,7.95
-9999.0000,-9999.0000,38.8949,34.8827,33.0790,31.3919,8.05
-9999.0000,40.9481,36.8720,34.9934,33.1302,31.6365,8.15
-9999.0000,-9999.0000,36.8974,35.0779,33.4031,31.4249,8.25
-9999.0000,-9999.0000,37.2049,35.0211,33.6195,31.5366,8.35
-9999.0000,-9999.0000,37.5094,35.2140,33.3291,31.5721,8.45
-9999.0000,-9999.0000,37.6213,35.4302,33.1976,31.4483,8.55
-9999.0000,-9999.0000,37.6342,35.9386,33.2482,31.6215,8.65
-9999.0000,40.5318,37.7771,37.1428,33.7320,31.8818,8.75
-9999.0000,-9999.0000,41.0511,35.4449,33.6172,31.8695,8.85
-9999.0000,-9999.0000,40.3088,36.2333,33.6687,31.8910,8.95
