u,g,r,i,z,y,time
31.7545,30.1553,29.0429,28.4603,28.2922,28.1287,0.05
31.9341,30.0596,28.6855,27.7657,27.5390,27.3283,0.15
32.1030,30.1324,28.5441,27.4384,27.0935,26.9714,0.25
32.4025,30.2359,28.5746,27.2888,26.8245,26.7499,0.35
32.6108,30.2991,28.6501,27.2972,26.6577,26.5703,0.45
32.8836,30.3856,28.7244,27.4148,26.5149,26.4555,0.55
33.0366,30.5371,28.8509,27.6231,26.4666,26.3661,0.65
33.1650,30.5601,28.9216,27.8618,26.4682,26.3107,0.75
33.3955,30.6568,29.0559,28.0913,26.5212,26.2897,0.85
33.7932,30.8022,29.1792,28.2740,26.6059,26.2876,0.95
34.3545,30.9164,29.3588,28.4740,26.7191,26.3044,1.05
34.6319,31.0490,29.5320,28.6297,26.8508,26.3468,1.15
34.7217,31.2771,29.6811,28.7776,26.9727,26.4052,1.25
35.2923,31.4678,29.8322,28.8774,27.0962,26.4908,1.35
35.2440,31.6737,30.0217,29.0725,27.2728,26.6522,1.45
35.5874,31.9211,30.2009,29.2062,27.4373,26.7564,1.55
35.9728,32.0475,30.3256,29.3730,27.6380,26.9353,1.65
36.3496,32.3931,30.5633,29.5491,27.7954,27.1107,1.75
39.4460,32.5784,30.6848,29.6778,27.9716,27.2625,1.85
36.7119,32.8383,30.9767,29.8507,28.0929,27.4253,1.95
37.7350,33.1351,31.1905,29.9656,28.2916,27.5603,2.05
39.3118,33.5993,31.4146,30.2510,28.4622,27.7163,2.15
39.1795,33.8091,31.5545,30.2877,28.5991,27.8036,2.25
38.5590,34.1238,31.8520,30.5454,28.7242,27.9759,2.35
-9999.0000,34.4697,32.0613,30.7782,28.8573,28.0505,2.45
41.9912,34.7794,32.2585,30.8608,28.9983,28.1711,2.55
40.8069,34.9782,32.6176,31.0292,29.1609,28.2723,2.65
39.1469,35.2354,32.6148,31.1958,29.3218,28.3682,2.75
-9999.0000,35.9112,32.8287,31.3509,29.4882,28.5397,2.85
38.8217,35.8304,33.0933,31.5782,29.5676,28.6220,2.95
-9999.0000,35.7316,33.3524,31.6027,29.6810,28.7629,3.05
-9999.0000,35.7954,33.5703,31.7461,29.8482,28.8377,3.15
-9999.0000,36.7343,33.6000,31.9465,29.9592,28.9069,3.25
-9999.0000,36.5057,33.7296,32.0652,30.0634,29.0206,3.35
-9999.0000,37.2939,34.2245,32.2690,30.1744,29.1043,3.45
-9999.0000,37.7646,34.0518,32.1844,30.2484,29.2064,3.55
-9999.0000,36.8353,34.0158,32.4478,30.3536,29.2539,3.65
-9999.0000,37.2408,34.2034,32.5521,30.3826,29.3104,3.75
-9999.0000,37.1717,34.7180,32.6136,30.5443,29.4543,3.85
-9999.0000,39.3322,34.6226,32.7610,30.5264,29.4750,3.95
-9999.0000,37.7573,34.6307,32.8074,30.6645,29.5703,4.05
-9999.0000,38.2297,34.8142,32.7509,30.7932,29.6056,4.15
-9999.0000,38.2378,34.6728,32.8614,30.8671,29.6698,4.25
-9999.0000,38.8401,35.3384,32.9539,30.8930,29.7812,4.35
-9999.0000,37.9581,35.5982,33.0289,30.9782,29.8014,4.45
-9999.0000,37.7237,35.0564,33.2176,30.9217,29.8101,4.55
-9999.0000,37.6915,35.2588,33.0385,31.1235,29.9172,4.65
-9999.0000,37.4590,35.2864,33.1060,31.1355,29.9500,4.75
-9999.0000,39.5531,35.3827,33.2730,31.1072,30.0505,4.85
-9999.0000,38.9791,35.6609,33.2121,31.2150,30.0482,4.95
-9999.0000,38.5206,35.5781,33.2153,31.2606,30.0898,5.05
-9999.0000,38.2448,35.4891,33.3666,31.4550,30.1850,5.15
-9999.0000,39.1156,35.4826,33.5857,31.4348,30.1953,5.25
-9999.0000,39.0916,35.6839,33.4548,31.3644,30.2216,5.35
-9999.0000,39.3409,35.6012,33.4943,31.5651,30.2782,5.45
-9999.0000,44.8622,36.0970,33.5456,31.6150,30.3523,5.55
-9999.0000,39.7090,35.6895,33.8834,31.6282,30.3792,5.65
-9999.0000,39.0910,36.0135,33.5396,31.7657,30.4088,5.75
-9999.0000,39.1549,36.4267,33.6353,31.6045,30.4584,5.85
-9999.0000,39.2657,36.1490,33.8672,31.8461,30.5647,5.95
-9999.0000,-9999.0000,36.1070,34.0864,31.6616,30.4737,6.05
-9999.0000,-9999.0000,35.7595,33.7873,31.8336,30.5353,6.15
-9999.0000,40.6115,36.5113,33.9495,31.8772,30.5769,6.25
-9999.0000,39.2090,35.8950,33.8868,32.0767,30.6580,6.35
-9999.0000,42.6646,36.9145,34.0332,31.9336,30.7103,6.45
-9999.0000,41.0805,36.2675,33.9446,31.9847,30.6885,6.55
-9999.0000,44.9732,36.6681,34.4397,32.0150,30.7698,6.65
-9999.0000,-9999.0000,36.7698,34.0823,32.0187,30.8224,6.75
-9999.0000,39.3037,37.0718,34.0257,32.1094,30.7779,6.85
-9999.0000,-9999.0000,36.3770,34.8065,32.1886,30.9693,6.95
-9999.0000,-9999.0000,37.7220,34.2643,32.3546,30.8756,7.05
-9999.0000,38.9419,37.7000,34.2064,32.3323,30.9961,7.15
-9999.0000,-9999.0000,37.4247,34.4883,32.3343,31.0068,7.25
-9999.0000,-9999.0000,36.5933,34.2603,32.3239,31.0239,7.35
-9999.0000,-9999.0000,36.6683,34.3020,32.4261,30.9545,7.45
-9999.0000,-9999.0000,36.7569,34.4000,32.3940,31.1266,7.55
-9999.0000,-9999.0000,37.0130,34.6139,32.6121,31.1910,7.65
-9999.0000,39.3717,38.0269,34.4009,32.3462,31.1608,7.75
-9999.0000,39.4873,37.8830,34.7019,32.5706,31.1382,7.85
-9999.0000,-9999.0000,36.7638,34.3780,32.6196,31.3117,7.95
-9999.0000,-9999.0000,37.7337,35.2183,32.6610,31.2462,8.05
-9999.0000,-9999.0000,38.7269,34.8400,32.4949,31.1502,8.15
-9999.0000,39.3603,37.2142,34.7036,32.6272,31.3097,8.25
-9999.0000,39.4986,38.8118,34.6418,32.5164,31.3681,8.35
-9999.0000,-9999.0000,37.7600,34.7151,32.6118,31.4993,8.45
-9999.0000,-9999.0000,36.8263,34.8663,32.6942,31.4290,8.55
-9999.0000,-9999.0000,37.3877,34.6066,32.8549,31.4838,8.65
-9999.0000,-9999.0000,37.4809,34.9800,32.9736,31.4665,8.75
-9999.0000,-9999.0000,37.7157,34.9882,32.7137,31.5636,8.85
-9999.0000,-9999.0000,38.1045,35.1360,32.9580,31.5252,8.95
