u,g,r,i,z,y,time
28.8641,28.3304,28.1950,28.0435,28.1242,28.1484,0.05
29.1733,28.6264,27.8635,27.6281,27.4872,27.5041,0.15
29.7847,28.7530,27.8571,27.3746,27.2092,27.2147,0.25
30.2803,28.7268,28.1045,27.3507,27.1004,27.0171,0.35
30.1231,28.8624,28.1600,27.0886,26.9219,26.8881,0.45
30.4539,28.8843,28.1735,27.2635,26.7547,26.5849,0.55
30.7237,29.2104,28.2730,27.2554,26.8381,26.6233,0.65
30.6939,29.1829,28.3015,27.2091,26.7624,26.4176,0.75
31.1068,29.1208,28.2894,27.2381,26.6760,26.2739,0.85
31.1490,29.1262,28.2318,27.2523,26.6467,26.2780,0.95
31.2611,29.4343,28.3760,27.1734,26.6328,26.2258,1.05
31.3021,29.3651,28.2898,27.2318,26.6232,26.1741,1.15
31.4245,29.4904,28.3045,27.2473,26.5136,26.1621,1.25
31.7314,29.5167,28.3341,27.1743,26.4669,26.0551,1.35
32.0653,29.8154,28.6191,27.2962,26.5619,26.0619,1.45
31.8924,29.8461,28.5577,27.2379,26.4931,26.0557,1.55
32.3036,30.0490,28.4601,27.1536,26.4265,25.8827,1.65
32.7397,30.2604,28.7872,27.4311,26.5979,26.0776,1.75
32.7111,30.2378,28.6881,27.2565,26.3910,25.8540,1.85
34.6212,30.6585,28.8818,27.5096,26.5804,26.0422,1.95
32.7673,30.2999,28.6651,27.2469,26.4085,25.7918,2.05
34.6116,30.9824,29.0623,27.6181,26.6866,26.0936,2.15
34.5479,30.7709,28.7164,27.2305,26.3051,25.7712,2.25
33.8937,31.1759,29.3741,27.6670,26.7970,26.1174,2.35
34.4323,31.1999,29.0096,27.2940,26.4610,25.8198,2.45
34.5122,31.1885,29.2912,27.5890,26.6201,26.0834,2.55
36.2632,31.5723,29.3114,27.6753,26.7683,26.0396,2.65
35.3412,31.3675,29.2111,27.3449,26.5330,25.7967,2.75
35.6835,32.2116,29.6814,27.8992,26.8980,26.2689,2.85
35.6943,31.9581,29.4687,27.6988,26.7204,26.0725,2.95
34.8054,31.7660,29.3595,27.5821,26.5759,25.8450,3.05
35.6694,32.3734,29.8547,27.9638,27.0362,26.3382,3.15
35.3715,32.2877,29.6777,27.7462,26.8464,26.1081,3.25
34.4045,32.1551,29.4430,27.6817,26.5971,25.9202,3.35
36.7742,32.3596,29.8119,28.0509,27.0397,26.3638,3.45
36.9197,33.0447,29.8757,28.0562,27.0299,26.3316,3.55
35.8445,32.4294,29.5871,27.7674,26.8185,26.0384,3.65
35.8775,32.2828,29.9585,27.9125,26.8562,26.1238,3.75
-9999.0000,33.2713,30.2129,28.2651,27.1921,26.5274,3.85
-9999.0000,32.7273,30.0185,28.1273,27.1044,26.3124,3.95
-9999.0000,33.1414,30.0200,28.0672,26.8812,26.1558,4.05
-9999.0000,33.4712,30.1657,28.1664,27.1132,26.3180,4.15
35.1115,33.2819,30.3955,28.4122,27.4395,26.6539,4.25
36.9894,33.2634,30.2753,28.3730,27.3268,26.5205,4.35
35.1305,33.2050,30.0002,28.2301,27.0840,26.2813,4.45
-9999.0000,33.5141,30.2109,28.3385,27.1578,26.3026,4.55
-9999.0000,33.6596,30.7313,28.6489,27.4639,26.6687,4.65
-9999.0000,33.4156,30.8274,28.7280,27.4662,26.7129,4.75
-9999.0000,33.8176,30.5938,28.5996,27.3616,26.4954,4.85
-9999.0000,33.2599,30.5610,28.4364,27.2261,26.3365,4.95
-9999.0000,34.1773,30.8837,28.6723,27.4434,26.6078,5.05
-9999.0000,33.9444,30.9796,28.9935,27.6738,26.8124,5.15
-9999.0000,34.0843,31.1667,28.9791,27.7017,26.8118,5.25
-9999.0000,34.1891,31.1410,28.8816,27.5645,26.6961,5.35
-9999.0000,34.1611,30.8455,28.7969,27.5162,26.5006,5.45
-9999.0000,34.4857,30.8794,28.9869,27.6321,26.6232,5.55
-9999.0000,34.4878,31.3895,29.1986,27.9208,26.9407,5.65
-9999.0000,33.6441,31.4840,29.2577,28.0736,26.9862,5.75
-9999.0000,34.3168,31.6481,29.2986,27.9231,26.8194,5.85
-9999.0000,34.1549,31.5177,29.2329,27.7838,26.7603,5.95
-9999.0000,34.8227,31.3836,29.0512,27.7042,26.7077,6.05
-9999.0000,36.1217,31.6851,29.4033,27.9072,26.9753,6.15
-9999.0000,34.4050,32.2164,29.5937,28.1190,27.0810,6.25
-9999.0000,35.2447,31.8763,29.7818,28.2076,27.0973,6.35
-9999.0000,35.7155,31.8950,29.5133,28.0403,27.0729,6.45
-9999.0000,35.0794,32.0533,29.5110,28.2094,26.9899,6.55
-9999.0000,36.2556,31.9174,29.4705,28.0720,26.9133,6.65
-9999.0000,35.0318,31.9436,29.7637,28.2039,27.0109,6.75
-9999.0000,36.2914,32.7086,29.9868,28.4081,27.1682,6.85
-9999.0000,35.6153,32.2635,29.9061,28.5794,27.3232,6.95
-9999.0000,37.5829,32.6937,29.9612,28.6116,27.3533,7.05
-9999.0000,34.7702,32.9470,30.2615,28.4495,27.2613,7.15
-9999.0000,35.2896,32.2296,30.0337,28.3802,27.2129,7.25
-9999.0000,37.8922,32.2399,29.9093,28.3357,27.1545,7.35
-9999.0000,35.7887,32.6495,30.2425,28.6291,27.2135,7.45
-9999.0000,39.4290,32.7463,30.4093,28.8115,27.5082,7.55
-9999.0000,38.3627,33.3783,30.4781,28.7326,27.5276,7.65
-9999.0000,39.7475,33.7145,30.3489,28.8325,27.4984,7.75
-9999.0000,-9999.0000,33.0792,30.5714,28.9234,27.5973,7.85
-9999.0000,36.3679,33.1407,30.5338,28.7092,27.4753,7.95
-9999.0000,-9999.0000,33.1396,30.4158,28.8078,27.4708,8.05
-9999.0000,36.7131,32.5980,30.4586,28.7814,27.4555,8.15
-9999.0000,35.9350,34.0955,30.8927,29.0218,27.5517,8.25
-9999.0000,36.2416,33.1500,31.0278,29.1545,27.7320,8.35
-9999.0000,36.6280,33.7069,30.9130,29.1765,27.8324,8.45
-9999.0000,39.2349,33.4101,30.9709,29.0357,27.8565,8.55
-9999.0000,-9999.0000,33.2268,30.8535,29.1930,27.8146,8.65
-9999.0000,37.3854,33.2224,31.1232,29.3115,27.7799,8.75
-9999.0000,39.8244,33.5491,31.0463,29.1610,27.8128,8.85
-9999.0000,36.2892,34.8370,30.9376,29.2207,27.7249,8.95
